# Rhino

o object_1
v 3.799037933349609 1.75 0
v 3.799037933349609 1.75 0
v 3.799037933349609 1.75 0
v 3.999982118606567 2.5 0
v 3.999982118606567 2.5 0
v 3.799037933349609 3.25 0
v 3.799037933349609 3.25 0
v 3.799037933349609 3.25 0
v 4.232050895690918 3.5 0
v 4.232050895690918 3.5 0
v 4.232050895690918 3.5 0
v 3.499988079071045 4.232030868530273 0
v 3.499988079071045 4.232030868530273 0
v 2.5 4.5 0
v 2.5 4.5 0
v 1.500012040138245 4.232030868530273 0
v 1.500012040138245 4.232030868530273 0
v 0.7679489850997925 3.5 0
v 0.7679489850997925 3.5 0
v 0.7679489850997925 3.5 0
v 1.200961947441101 3.25 0
v 1.200961947441101 3.25 0
v 1.200961947441101 3.25 0
v 1.000018000602722 2.5 0
v 1.000018000602722 2.5 0
v 1.200961947441101 1.75 0
v 1.200961947441101 1.75 0
v 1.200961947441101 1.75 0
v 0.7679489850997925 1.5 0
v 0.7679489850997925 1.5 0
v 0.7679489850997925 1.5 0
v 1.500012040138245 0.767969012260437 0
v 1.500012040138245 0.767969012260437 0
v 2.5 0.5 0
v 2.5 0.5 0
v 3.499988079071045 0.767969012260437 0
v 3.499988079071045 0.767969012260437 0
v 4.232050895690918 1.5 0
v 4.232050895690918 1.5 0
v 4.232050895690918 1.5 0
v 4.232050895690918 3.5 0.5
v 4.232050895690918 3.5 0.5
v 4.232050895690918 3.5 0.5
v 3.499979972839356 4.232062816619873 0.5
v 3.499979972839356 4.232062816619873 0.5
v 2.5 4.5 0.5
v 2.5 4.5 0.5
v 1.500020027160645 4.232062816619873 0.5
v 1.500020027160645 4.232062816619873 0.5
v 0.7679489850997925 3.5 0.5
v 0.7679489850997925 3.5 0.5
v 0.7679489850997925 3.5 0.5
v 0.7679489850997925 1.5 0.5
v 0.7679489850997925 1.5 0.5
v 0.7679489850997925 1.5 0.5
v 1.500020027160645 0.7679370045661926 0.5
v 1.500020027160645 0.7679370045661926 0.5
v 2.5 0.5 0.5
v 2.5 0.5 0.5
v 3.499979972839356 0.7679370045661926 0.5
v 3.499979972839356 0.7679370045661926 0.5
v 4.232050895690918 1.5 0.5
v 4.232050895690918 1.5 0.5
v 4.232050895690918 1.5 0.5
v 2 2.5 1.5
v 2 2.5 1.5
v 2 2.5 1.5
v 2.067007064819336 2.749989032745361 1.5
v 2.067007064819336 2.749989032745361 1.5
v 2.25 2.933012962341309 1.5
v 2.25 2.933012962341309 1.5
v 2.5 2.999978065490723 1.5
v 2.5 2.999978065490723 1.5
v 2.75 2.933012962341309 1.5
v 2.75 2.933012962341309 1.5
v 2.932992935180664 2.749989032745361 1.5
v 2.932992935180664 2.749989032745361 1.5
v 3 2.5 1.5
v 3 2.5 1.5
v 3 2.5 1.5
v 2.932992935180664 2.250010967254639 1.5
v 2.932992935180664 2.250010967254639 1.5
v 2.75 2.066987037658691 1.5
v 2.75 2.066987037658691 1.5
v 2.5 2.000021934509277 1.5
v 2.5 2.000021934509277 1.5
v 2.25 2.066987037658691 1.5
v 2.25 2.066987037658691 1.5
v 2.067007064819336 2.250010967254639 1.5
v 2.067007064819336 2.250010967254639 1.5
v 1.721104025840759 2.5 1.221104025840759
v 1.721104025840759 2.5 1.221104025840759
v 1.721104025840759 2.5 1.221104025840759
v 1.721104025840759 2.793276071548462 1.167719960212708
v 1.721104025840759 2.793276071548462 1.167719960212708
v 1.721104025840759 3.127152919769287 1
v 1.721104025840759 3.127152919769287 1
v 1.721104025840759 3.127152919769287 1
v 1.513064026832581 3.250201940536499 0.7603049874305725
v 1.513064026832581 3.250201940536499 0.7603049874305725
v 1.287768959999085 3.383456945419312 0.5
v 1.287768959999085 3.383456945419312 0.5
v 1.287768959999085 3.383456945419312 0.5
v 2.087821960449219 3.942246913909912 0.5
v 2.087821960449219 3.942246913909912 0.5
v 3.06244707107544 3.890546083450317 0.5
v 3.06244707107544 3.890546083450317 0.5
v 3.799037933349609 3.25 0.5
v 3.799037933349609 3.25 0.5
v 3.799037933349609 3.25 0.5
v 3.799037933349609 3.25 0.5
v 3.948889017105103 2.888228893280029 0.5
v 3.948889017105103 2.888228893280029 0.5
v 4 2.5 0.5
v 4 2.5 0.5
v 4 2.5 0.5
v 1.721104025840759 3.127152919769287 0.5
v 1.721104025840759 3.127152919769287 0.5
v 1.721104025840759 3.127152919769287 0.5
v 1.721104025840759 1.872846961021423 0.5
v 1.721104025840759 1.872846961021423 0.5
v 1.721104025840759 1.872846961021423 0.5
v 1.287768959999085 1.616543054580689 0.5
v 1.287768959999085 1.616543054580689 0.5
v 1.287768959999085 1.616543054580689 0.5
v 2.087821960449219 1.057752966880798 0.5
v 2.087821960449219 1.057752966880798 0.5
v 3.06244707107544 1.109454035758972 0.5
v 3.06244707107544 1.109454035758972 0.5
v 3.799037933349609 1.75 0.5
v 3.799037933349609 1.75 0.5
v 3.799037933349609 1.75 0.5
v 3.799037933349609 1.75 0.5
v 1.200961947441101 1.75 0.5
v 1.200961947441101 1.75 0.5
v 1.200961947441101 1.75 0.5
v 1.000018000602722 2.5 0.5
v 1.000018000602722 2.5 0.5
v 1.200961947441101 3.25 0.5
v 1.200961947441101 3.25 0.5
v 1.200961947441101 3.25 0.5
v 1.721104025840759 1.872846961021423 1
v 1.721104025840759 1.872846961021423 1
v 1.721104025840759 1.872846961021423 1
v 1.721104025840759 2.207855939865112 1.168118000030518
v 1.721104025840759 2.207855939865112 1.168118000030518
v 3.948909044265747 2.111846923828125 0.5
v 3.948909044265747 2.111846923828125 0.5
v 1.513072013854981 1.749802947044373 0.7603150010108948
v 1.513072013854981 1.749802947044373 0.7603150010108948
vn 0 0 -1
vn 0.8660252690315247 -0.5000001788139343 0
vn 0.5000001788139343 0.8660252690315247 0
vn 0 0 -1
vn 1 0 0
vn 0 0 -1
vn 0.8660252690315247 0.5000001788139343 0
vn 0.5000001788139343 -0.8660252690315247 0
vn 0 0 -1
vn 0.8660252690315247 0.5000001788139343 0
vn 0.5000001788139343 -0.8660252690315247 0
vn 0 0 -1
vn 0.5000001788139343 0.8660252690315247 0
vn 0 0 -1
vn 0 1 0
vn 0 0 -1
vn -0.5000001788139343 0.8660252690315247 0
vn 0 0 -1
vn -0.8660252690315247 0.5000001788139343 0
vn -0.5000001788139343 -0.8660252690315247 0
vn 0 0 -1
vn -0.8660252690315247 0.5000001788139343 0
vn -0.5000001788139343 -0.8660252690315247 0
vn 0 0 -1
vn -1 0 0
vn 0 0 -1
vn -0.8660252690315247 -0.5000001788139343 0
vn -0.5000001788139343 0.8660252690315247 0
vn 0 0 -1
vn -0.8660252690315247 -0.5000001788139343 0
vn -0.5000001788139343 0.8660252690315247 0
vn 0 0 -1
vn -0.5000001788139343 -0.8660252690315247 0
vn 0 0 -1
vn 0 -1 0
vn 0 0 -1
vn 0.5000001788139343 -0.8660252690315247 0
vn 0 0 -1
vn 0.8660252690315247 -0.5000001788139343 0
vn 0.5000001788139343 0.8660252690315247 0
vn 0.8660252690315247 0.5000001788139343 0
vn 0 0 1
vn 0.5000001788139343 -0.8660252690315247 0
vn 0.4999900758266449 0.8660311102867127 0
vn 0 0 1
vn 0 1 0
vn 0 0 1
vn -0.4999900758266449 0.8660311102867127 0
vn 0 0 1
vn -0.8660252690315247 0.5000001788139343 0
vn 0 0 1
vn -0.5000001788139343 -0.8660252690315247 0
vn -0.8660252690315247 -0.5000001788139343 0
vn 0 0 1
vn -0.5000001788139343 0.8660252690315247 0
vn -0.4999900758266449 -0.8660311102867127 0
vn 0 0 1
vn 0 -1 0
vn 0 0 1
vn 0.4999900758266449 -0.8660311102867127 0
vn 0 0 1
vn 0.8660252690315247 -0.5000001788139343 0
vn 0 0 1
vn 0.5000001788139343 0.8660252690315247 0
vn 0 0 1
vn -0.7071067690849304 0 0.7071067690849304
vn -0.7071067690849304 0 0.7071067690849304
vn 0 0 1
vn -0.6123721599578857 0.3535530865192413 0.7071071863174439
vn 0 0 1
vn -0.3535530865192413 0.6123721599578857 0.7071071863174439
vn 0 0 1
vn 0 0.7071067690849304 0.7071067690849304
vn 0 0 1
vn 0.3535530865192413 0.6123721599578857 0.7071071863174439
vn 0 0 1
vn 0.6123721599578857 0.3535530865192413 0.7071071863174439
vn 0 0 1
vn 0.7071067690849304 0 0.7071067690849304
vn 0.7071067690849304 0 0.7071067690849304
vn 0 0 1
vn 0.6123721599578857 -0.3535530865192413 0.7071071863174439
vn 0 0 1
vn 0.3535530865192413 -0.6123721599578857 0.7071071863174439
vn 0 0 1
vn 0 -0.7071067690849304 0.7071067690849304
vn 0 0 1
vn -0.3535530865192413 -0.6123721599578857 0.7071071863174439
vn 0 0 1
vn -0.6123721599578857 -0.3535530865192413 0.7071071863174439
vn -0.7071067690849304 0 0.7071067690849304
vn -0.7071067690849304 0 0.7071067690849304
vn -1 0 0
vn -0.6617517471313477 0.2491679042577744 0.7071067690849304
vn -1 0 0
vn -0.5507628321647644 0.4434638917446137 0.7071068286895752
vn -1 0 0
vn -0.5090858936309815 -0.8607157468795776 0
vn -0.5629399418830872 0.427899956703186 0.7071069478988648
vn -0.5090858936309815 -0.8607157468795776 0
vn -0.5714508891105652 0.4164658784866333 0.7071068286895752
vn 0 0 1
vn -0.5090858936309815 -0.8607157468795776 0
vn -0.1943279504776001 0.6798798441886902 0.7071068286895752
vn 0 0 1
vn 0.2651650607585907 0.6555051207542419 0.7071071267127991
vn 0 0 1
vn 0.6123721599578857 0.3535530865192413 0.7071071863174439
vn 0 0 1
vn 0.8660252690315247 0.5000001788139343 0
vn 0.5000001788139343 -0.8660252690315247 0
vn 0.6830127239227295 0.1830129325389862 0.7071067094802856
vn 0.9659258723258972 0.2588189840316773 0
vn 0.7071067690849304 0 0.7071067690849304
vn 0.7071067690849304 0 0.7071067690849304
vn 1 0 0
vn 0 0 1
vn -1 0 0
vn -0.5090858936309815 -0.8607157468795776 0
vn 0 0 1
vn -0.5090858936309815 0.8607157468795776 0
vn -1 0 0
vn 0 0 1
vn -0.5714508891105652 -0.4164658784866333 0.7071068286895752
vn -0.5090858936309815 0.8607157468795776 0
vn 0 0 1
vn -0.1943279504776001 -0.6798798441886902 0.7071068286895752
vn 0 0 1
vn 0.2651650607585907 -0.6555051207542419 0.7071071267127991
vn 0 0 1
vn 0.6123721599578857 -0.3535530865192413 0.7071071863174439
vn 0.8660252690315247 -0.5000001788139343 0
vn 0.5000001788139343 0.8660252690315247 0
vn 0 0 1
vn -0.8660252690315247 -0.5000001788139343 0
vn -0.5000001788139343 0.8660252690315247 0
vn 0 0 1
vn -1 0 0
vn 0 0 1
vn -0.8660252690315247 0.5000001788139343 0
vn -0.5000001788139343 -0.8660252690315247 0
vn -0.5507628321647644 -0.4434638917446137 0.7071068286895752
vn -0.5090858936309815 0.8607157468795776 0
vn -1 0 0
vn -0.6620686650276184 -0.2483248859643936 0.7071066498756409
vn -1 0 0
vn 0.6830220222473145 -0.1829770058393478 0.7071070075035095
vn 0.965939462184906 -0.2587681114673615 0
vn -0.5629390478134155 -0.427901029586792 0.7071070671081543
vn -0.5090858936309815 0.8607157468795776 0
f 24//24 4//4 1//1
f 132//132 2//2 5//5
f 26//26 24//24 1//1
f 38//38 26//26 1//1
f 64//64 40//40 3//3
f 133//133 64//64 3//3
f 21//21 6//6 4//4
f 116//116 5//5 7//7
f 24//24 21//21 4//4
f 148//148 5//5 116//116
f 148//148 132//132 5//5
f 18//18 9//9 6//6
f 43//43 8//8 11//11
f 21//21 18//18 6//6
f 111//111 8//8 43//43
f 113//113 7//7 110//110
f 116//116 7//7 113//113
f 16//16 12//12 9//9
f 41//41 10//10 13//13
f 18//18 16//16 9//9
f 16//16 14//14 12//12
f 44//44 13//13 15//15
f 44//44 41//41 13//13
f 46//46 15//15 17//17
f 46//46 44//44 15//15
f 48//48 17//17 19//19
f 48//48 46//46 17//17
f 141//141 20//20 23//23
f 50//50 48//48 19//19
f 141//141 52//52 20//20
f 140//140 22//22 25//25
f 138//138 25//25 27//27
f 140//140 25//25 138//138
f 38//38 29//29 26//26
f 55//55 28//28 31//31
f 136//136 28//28 55//55
f 138//138 27//27 135//135
f 36//36 32//32 29//29
f 53//53 30//30 33//33
f 38//38 36//36 29//29
f 36//36 34//34 32//32
f 56//56 33//33 35//35
f 56//56 53//53 33//33
f 58//58 35//35 37//37
f 58//58 56//56 35//35
f 60//60 37//37 39//39
f 60//60 58//58 37//37
f 62//62 60//60 39//39
f 107//107 42//42 45//45
f 109//109 42//42 107//107
f 49//49 45//45 47//47
f 105//105 45//45 49//49
f 107//107 45//45 105//105
f 105//105 49//49 51//51
f 105//105 51//51 102//102
f 139//139 102//102 51//51
f 126//126 54//54 57//57
f 126//126 123//123 54//54
f 134//134 54//54 123//123
f 61//61 57//57 59//59
f 128//128 57//57 61//61
f 128//128 126//126 57//57
f 128//128 61//61 63//63
f 130//130 128//128 63//63
f 76//76 68//68 65//65
f 91//91 66//66 69//69
f 78//78 76//76 65//65
f 89//89 78//78 65//65
f 145//145 90//90 67//67
f 145//145 67//67 92//92
f 74//74 70//70 68//68
f 96//96 69//69 71//71
f 76//76 74//74 68//68
f 94//94 91//91 69//69
f 96//96 94//94 69//69
f 74//74 72//72 70//70
f 104//104 71//71 73//73
f 101//101 96//96 71//71
f 104//104 101//101 71//71
f 106//106 73//73 75//75
f 106//106 104//104 73//73
f 106//106 75//75 77//77
f 108//108 77//77 79//79
f 108//108 106//106 77//77
f 89//89 81//81 78//78
f 115//115 80//80 82//82
f 112//112 108//108 79//79
f 114//114 112//112 79//79
f 87//87 83//83 81//81
f 131//131 82//82 84//84
f 89//89 87//87 81//81
f 147//147 115//115 82//82
f 147//147 82//82 131//131
f 87//87 85//85 83//83
f 129//129 84//84 86//86
f 131//131 84//84 129//129
f 127//127 86//86 88//88
f 129//129 86//86 127//127
f 142//142 88//88 90//90
f 142//142 127//127 88//88
f 145//145 142//142 90//90
f 122//122 93//93 95//95
f 146//146 93//93 122//122
f 122//122 95//95 97//97
f 101//101 99//99 96//96
f 119//119 98//98 100//100
f 122//122 97//97 118//118
f 119//119 100//100 103//103
f 139//139 117//117 102//102
f 137//137 120//120 117//117
f 139//139 137//137 117//117
f 134//134 123//123 120//120
f 143//143 121//121 125//125
f 137//137 134//134 120//120
f 146//146 122//122 144//144
f 149//149 124//124 127//127
f 150//150 143//143 125//125
f 149//149 127//127 142//142
