# Rhino

o object_1
v 0.00254 0.002408 4.817
v 0.00254 0.002408 4.994
v 0.00254 4.985 4.817
v 0.00254 4.985 4.994
v 0.03815 0.01562 0.00107
v 0.03815 0.01562 4.826
v 0.03815 0.06083 4.365
v 0.03815 0.1838 4.242
v 0.03815 0.1896 0.00107
v 0.03815 0.1896 4.826
v 0.03815 0.6688 4.973
v 0.03815 0.7918 4.85
v 0.03815 4.195 4.85
v 0.03815 4.318 4.973
v 0.03815 4.797 0.00107
v 0.03815 4.797 4.826
v 0.03815 4.803 4.242
v 0.03815 4.926 4.365
v 0.03815 4.971 0.00107
v 0.03815 4.971 4.826
v 0.06096 0.01627 4.365
v 0.06096 0.1902 4.365
v 0.06096 4.797 4.365
v 0.06096 4.971 4.365
v 0.184 0.01627 4.242
v 0.184 0.1902 4.242
v 0.184 4.797 4.242
v 0.184 4.971 4.242
v 0.2121 0.01562 0.00107
v 0.2121 0.01562 4.826
v 0.2121 0.06083 4.365
v 0.2121 0.1838 4.242
v 0.2121 0.1896 0.00107
v 0.2121 0.1896 4.826
v 0.2121 0.6688 4.973
v 0.2121 0.7918 4.85
v 0.2121 4.195 4.85
v 0.2121 4.318 4.973
v 0.2121 4.797 0.00107
v 0.2121 4.797 4.826
v 0.2121 4.803 4.242
v 0.2121 4.926 4.365
v 0.2121 4.971 0.00107
v 0.2121 4.971 4.826
v 0.6689 0.01627 4.973
v 0.6689 0.1902 4.973
v 0.6689 4.797 4.973
v 0.6689 4.971 4.973
v 0.7919 0.01627 4.85
v 0.7919 0.1902 4.85
v 0.7919 4.797 4.85
v 0.7919 4.971 4.85
v 4.196 0.01627 4.85
v 4.196 0.1902 4.85
v 4.196 4.797 4.85
v 4.196 4.971 4.85
v 4.319 0.01627 4.973
v 4.319 0.1902 4.973
v 4.319 4.797 4.973
v 4.319 4.971 4.973
v 4.775 0.01562 0.00107
v 4.775 0.01562 4.826
v 4.775 0.1896 0.00107
v 4.775 0.1896 4.826
v 4.775 4.797 0.00107
v 4.775 4.797 4.826
v 4.775 4.971 0.00107
v 4.775 4.971 4.826
v 4.776 0.06083 4.365
v 4.776 0.1838 4.242
v 4.776 0.6688 4.973
v 4.776 0.7918 4.85
v 4.776 4.196 4.85
v 4.776 4.319 4.973
v 4.776 4.804 4.242
v 4.776 4.927 4.365
v 4.804 0.01627 4.242
v 4.804 0.1902 4.242
v 4.804 4.797 4.242
v 4.804 4.971 4.242
v 4.927 0.01627 4.365
v 4.927 0.1902 4.365
v 4.927 4.797 4.365
v 4.927 4.971 4.365
v 4.949 0.01562 0.00107
v 4.949 0.01562 4.826
v 4.949 0.1896 0.00107
v 4.949 0.1896 4.826
v 4.949 4.797 0.00107
v 4.949 4.797 4.826
v 4.949 4.971 0.00107
v 4.949 4.971 4.826
v 4.95 0.06083 4.365
v 4.95 0.1838 4.242
v 4.95 0.6688 4.973
v 4.95 0.7918 4.85
v 4.95 4.196 4.85
v 4.95 4.319 4.973
v 4.95 4.804 4.242
v 4.95 4.927 4.365
v 4.985 0.002408 4.817
v 4.985 0.002408 4.994
v 4.985 4.985 4.817
v 4.985 4.985 4.994
vn -0.7071 -0.7071 0
vn 0 0 -1
vn 0.7071 -0.7071 0
vn 0 0 -1
vn -0.5774 -0.5774 0.5774
vn 0.5774 -0.5774 0.5774
vn 0 0.7071 0.7071
vn -1 0 0
vn 0 0.7071 0.7071
vn 1 0 0
vn 0 0.7071 -0.7071
vn -1 0 0
vn 0 0.7071 -0.7071
vn 1 0 0
vn -0.7071 -0.7071 0
vn 0 0 -1
vn 0.7071 -0.7071 0
vn 0 0 -1
vn -0.5774 -0.5774 0.5774
vn 0.5774 -0.5774 0.5774
vn 0 0.7071 0.7071
vn -1 0 0
vn 0 0.7071 0.7071
vn 1 0 0
vn 0 0.7071 -0.7071
vn -1 0 0
vn 0 0.7071 -0.7071
vn 1 0 0
vn -0.5 -0.7071 -0.5
vn 0.7071 0 -0.7071
vn 0.5 -0.7071 0.5
vn 0.7071 0 -0.7071
vn -0.8165 -0.5774 2.96e-06
vn 2.443e-06 -0.5773 0.8165
vn -0.5 0.7071 0.5
vn -0.7071 0 -0.7071
vn -0.5 0.7071 0.5
vn 0.7071 0 0.7071
vn 0.5 0.7071 -0.5
vn -0.7071 0 -0.7071
vn 0.5 0.7071 -0.5
vn 0.7071 0 0.7071
vn -0.7071 -0.7071 0
vn 0 0 -1
vn 0.7071 -0.7071 0
vn 0 0 -1
vn -0.5774 -0.5774 0.5774
vn 0.5774 -0.5774 0.5774
vn 0 0.7071 0.7071
vn -1 0 0
vn 0 0.7071 0.7071
vn 1 0 0
vn 0 0.7071 -0.7071
vn -1 0 0
vn 0 0.7071 -0.7071
vn 1 0 0
vn -0.5 -0.7071 0.5
vn -0.7071 0 -0.7071
vn 0.5 -0.7071 -0.5
vn -0.7071 0 -0.7071
vn -2.443e-06 -0.5773 0.8165
vn 0.8165 -0.5774 2.96e-06
vn 0.5 0.7071 0.5
vn -0.7071 0 0.7071
vn 0.5 0.7071 0.5
vn 0.7071 0 -0.7071
vn -0.5 0.7071 -0.5
vn -0.7071 0 0.7071
vn -0.5 0.7071 -0.5
vn 0.7071 0 -0.7071
vn -0.7071 -0.7071 0
vn 0 0 -1
vn 0.7071 -0.7071 0
vn 0 0 -1
vn -0.5774 -0.5774 0.5774
vn 0.5774 -0.5774 0.5774
vn 0 0.7071 0.7071
vn -1 0 0
vn 0 0.7071 0.7071
vn 1 0 0
vn 0 0.7071 -0.7071
vn -1 0 0
vn 0 0.7071 -0.7071
vn 1 0 0
vn -0.5 -0.7071 0.5
vn -0.7071 0 -0.7071
vn 0.5 -0.7071 -0.5
vn -0.7071 0 -0.7071
vn -2.443e-06 -0.5773 0.8165
vn 0.8165 -0.5774 2.96e-06
vn 0.5 0.7071 0.5
vn -0.7071 0 0.7071
vn 0.5 0.7071 0.5
vn 0.7071 0 -0.7071
vn -0.5 0.7071 -0.5
vn -0.7071 0 0.7071
vn -0.5 0.7071 -0.5
vn 0.7071 0 -0.7071
vn -0.7071 -0.7071 0
vn 0 0 -1
vn 0.7071 -0.7071 0
vn 0 0 -1
vn -0.5774 -0.5774 0.5774
vn 0.5774 -0.5774 0.5774
vn 0 0.7071 0.7071
vn -1 0 0
vn 0 0.7071 0.7071
vn 1 0 0
vn 0 0.7071 -0.7071
vn -1 0 0
vn 0 0.7071 -0.7071
vn 1 0 0
vn 0.7071 -0.5 0.5
vn 0 -0.7071 -0.7071
vn 0.7071 0.5 -0.5
vn 0 -0.7071 -0.7071
vn 0.5773 -2.443e-06 0.8165
vn 0.5774 0.8165 2.96e-06
vn -0.7071 0.5 0.5
vn 0 -0.7071 0.7071
vn -0.7071 0.5 0.5
vn 0 0.7071 -0.7071
vn -0.7071 -0.5 -0.5
vn 0 -0.7071 0.7071
vn -0.7071 -0.5 -0.5
vn 0 0.7071 -0.7071
vn -0.5 -0.7071 -0.5
vn 0.7071 0 -0.7071
vn 0.5 -0.7071 0.5
vn 0.7071 0 -0.7071
vn -0.8165 -0.5774 2.96e-06
vn 2.443e-06 -0.5773 0.8165
vn -0.5 0.7071 0.5
vn -0.7071 0 -0.7071
vn -0.5 0.7071 0.5
vn 0.7071 0 0.7071
vn 0.5 0.7071 -0.5
vn -0.7071 0 -0.7071
vn 0.5 0.7071 -0.5
vn 0.7071 0 0.7071
vn 0.7071 -0.5 0.5
vn 0 -0.7071 -0.7071
vn 0.7071 0.5 -0.5
vn 0 -0.7071 -0.7071
vn 0.5773 -2.443e-06 0.8165
vn 0.5774 0.8165 2.96e-06
vn -0.7071 0.5 0.5
vn 0 -0.7071 0.7071
vn -0.7071 0.5 0.5
vn 0 0.7071 -0.7071
vn -0.7071 -0.5 -0.5
vn 0 -0.7071 0.7071
vn -0.7071 -0.5 -0.5
vn 0 0.7071 -0.7071
vn 0.7071 -0.5 -0.5
vn 0 0.7071 -0.7071
vn 0.7071 0.5 0.5
vn 0 0.7071 -0.7071
vn 0.5774 -0.8165 2.96e-06
vn 0.5773 2.443e-06 0.8165
vn -0.7071 -0.5 0.5
vn 0 -0.7071 -0.7071
vn -0.7071 -0.5 0.5
vn 0 0.7071 0.7071
vn -0.7071 0.5 -0.5
vn 0 -0.7071 -0.7071
vn -0.7071 0.5 -0.5
vn 0 0.7071 0.7071
vn 0.7071 -0.5 -0.5
vn 0 0.7071 -0.7071
vn 0.7071 0.5 0.5
vn 0 0.7071 -0.7071
vn 0.5774 -0.8165 2.96e-06
vn 0.5773 2.443e-06 0.8165
vn -0.7071 -0.5 0.5
vn 0 -0.7071 -0.7071
vn -0.7071 -0.5 0.5
vn 0 0.7071 0.7071
vn -0.7071 0.5 -0.5
vn 0 -0.7071 -0.7071
vn -0.7071 0.5 -0.5
vn 0 0.7071 0.7071
f 1//1 101//3 102//6 2//5
f 2//5 102//6 104//9 4//7
f 4//7 104//9 103//13 3//11
f 3//11 103//13 101//4 1//2
f 101//3 103//14 104//10 102//6
f 3//12 1//1 2//5 4//8
f 5//15 29//17 30//20 6//19
f 6//19 30//20 34//23 10//21
f 10//21 34//23 33//27 9//25
f 9//25 33//27 29//18 5//16
f 29//17 33//28 34//24 30//20
f 9//26 5//15 6//19 10//22
f 79//29 83//31 59//34 55//33
f 55//33 59//34 60//37 56//35
f 56//35 60//37 84//41 80//39
f 80//39 84//41 83//32 79//30
f 83//31 84//42 60//38 59//34
f 80//40 79//29 55//33 56//36
f 65//43 89//45 90//48 66//47
f 66//47 90//48 92//51 68//49
f 68//49 92//51 91//55 67//53
f 67//53 91//55 89//46 65//44
f 89//45 91//56 92//52 90//48
f 67//54 65//43 66//47 68//50
f 23//57 27//59 51//62 47//61
f 47//61 51//62 52//65 48//63
f 48//63 52//65 28//69 24//67
f 24//67 28//69 27//60 23//58
f 27//59 28//70 52//66 51//62
f 24//68 23//57 47//61 48//64
f 15//71 39//73 40//76 16//75
f 16//75 40//76 44//79 20//77
f 20//77 44//79 43//83 19//81
f 19//81 43//83 39//74 15//72
f 39//73 43//84 44//80 40//76
f 19//82 15//71 16//75 20//78
f 21//85 25//87 49//90 45//89
f 45//89 49//90 50//93 46//91
f 46//91 50//93 26//97 22//95
f 22//95 26//97 25//88 21//86
f 25//87 26//98 50//94 49//90
f 22//96 21//85 45//89 46//92
f 61//99 85//101 86//104 62//103
f 62//103 86//104 88//107 64//105
f 64//105 88//107 87//111 63//109
f 63//109 87//111 85//102 61//100
f 85//101 87//112 88//108 86//104
f 63//110 61//99 62//103 64//106
f 31//113 32//115 36//118 35//117
f 35//117 36//118 12//121 11//119
f 11//119 12//121 8//125 7//123
f 7//123 8//125 32//116 31//114
f 32//115 8//126 12//122 36//118
f 7//124 31//113 35//117 11//120
f 77//127 81//129 57//132 53//131
f 53//131 57//132 58//135 54//133
f 54//133 58//135 82//139 78//137
f 78//137 82//139 81//130 77//128
f 81//129 82//140 58//136 57//132
f 78//138 77//127 53//131 54//134
f 93//141 94//143 96//146 95//145
f 95//145 96//146 72//149 71//147
f 71//147 72//149 70//153 69//151
f 69//151 70//153 94//144 93//142
f 94//143 70//154 72//150 96//146
f 69//152 93//141 95//145 71//148
f 41//155 42//157 38//160 37//159
f 37//159 38//160 14//163 13//161
f 13//161 14//163 18//167 17//165
f 17//165 18//167 42//158 41//156
f 42//157 18//168 14//164 38//160
f 17//166 41//155 37//159 13//162
f 99//169 100//171 98//174 97//173
f 97//173 98//174 74//177 73//175
f 73//175 74//177 76//181 75//179
f 75//179 76//181 100//172 99//170
f 100//171 76//182 74//178 98//174
f 75//180 99//169 97//173 73//176
