# Rhino

o object_1
v 0.003355 4.978 4.816
v 0.003355 4.978 4.993
v 0.006481 0.002005 4.816
v 0.006481 0.002005 4.993
v 0.02429 0.05679 4.365
v 0.02429 0.1797 4.242
v 0.02429 0.6644 4.972
v 0.02429 0.7873 4.849
v 0.02491 0.01269 0.002685
v 0.02491 0.01269 4.825
v 0.02491 0.1866 0.002685
v 0.02491 0.1866 4.825
v 0.04736 0.01269 4.365
v 0.04736 0.1866 4.365
v 0.1703 0.01269 4.242
v 0.1703 0.1866 4.242
v 0.1982 0.05679 4.365
v 0.1982 0.1797 4.242
v 0.1982 0.6644 4.972
v 0.1982 0.7873 4.849
v 0.1988 0.01269 0.002685
v 0.1988 0.01269 4.825
v 0.1988 0.1866 0.002685
v 0.1988 0.1866 4.825
v 0.655 0.01269 4.972
v 0.655 0.1866 4.972
v 0.7779 0.01269 4.849
v 0.7779 0.1866 4.849
v 4.986 0.002005 4.816
v 4.986 0.002005 4.993
vn 1 0.0006282 0
vn 0 0 -1
vn 0.7067 0.7076 0
vn 1 0.0006282 0
vn 0 0 1
vn 0.7067 0.7076 0
vn 1 0.0006282 0
vn 0 1 0
vn 0 0 1
vn 1 0.0006282 0
vn 0 1 0
vn 0 0 -1
vn 0 1 0
vn 0 0 -1
vn 0.7067 0.7076 0
vn 0 1 0
vn 0 0 1
vn 0.7067 0.7076 0
vn 0.5 0.7071 -0.5
vn -0.7071 0 -0.7071
vn -0.5 0.7071 0.5
vn -0.7071 0 -0.7071
vn 0.8165 0.5774 3.028e-06
vn -2.512e-06 0.5773 0.8165
vn 0.5 -0.7071 0.5
vn 0.7071 0 -0.7071
vn 0.5 -0.7071 0.5
vn -0.7071 0 0.7071
vn -0.5 -0.7071 -0.5
vn 0.7071 0 -0.7071
vn -0.5 -0.7071 -0.5
vn -0.7071 0 0.7071
vn 0.7071 0.7071 0
vn 0 0 -1
vn -0.7071 0.7071 0
vn 0 0 -1
vn 0.5774 0.5774 0.5774
vn -0.5774 0.5774 0.5774
vn 0 -0.7071 0.7071
vn 1 0 0
vn 0 -0.7071 0.7071
vn -1 0 0
vn 0 -0.7071 -0.7071
vn 1 0 0
vn 0 -0.7071 -0.7071
vn -1 0 0
vn -0.7071 0.5 -0.5
vn 0 -0.7071 -0.7071
vn -0.7071 -0.5 0.5
vn 0 -0.7071 -0.7071
vn -0.5774 0.8165 3.028e-06
vn -0.5773 -2.512e-06 0.8165
vn 0.7071 0.5 0.5
vn 0 0.7071 -0.7071
vn 0.7071 0.5 0.5
vn 0 -0.7071 0.7071
vn 0.7071 -0.5 -0.5
vn 0 0.7071 -0.7071
vn 0.7071 -0.5 -0.5
vn 0 -0.7071 0.7071
f 3//10 1//1 2//4 4//7
f 29//13 3//11 4//8 30//16
f 29//14 3//12 1//2
f 4//9 30//17 2//5
f 30//18 29//15 1//3 2//6
f 16//19 14//21 26//24 28//23
f 28//23 26//24 25//27 27//25
f 27//25 25//27 13//31 15//29
f 15//29 13//31 14//22 16//20
f 14//21 13//32 25//28 26//24
f 15//30 16//19 28//23 27//26
f 23//33 11//35 12//38 24//37
f 24//37 12//38 10//41 22//39
f 22//39 10//41 9//45 21//43
f 21//43 9//45 11//36 23//34
f 11//35 9//46 10//42 12//38
f 21//44 23//33 24//37 22//40
f 6//47 5//49 7//52 8//51
f 8//51 7//52 19//55 20//53
f 20//53 19//55 17//59 18//57
f 18//57 17//59 5//50 6//48
f 5//49 17//60 19//56 7//52
f 18//58 6//47 8//51 20//54
