# Blender v2.63 (sub 0) OBJ File: 'uotsurijima_with_lighthouse_output_lighthouse.blend'
# www.blender.org
mtllib uotsurijima_lighthouse.mtl
o Mesh.027_Cube.010_Cube.011
v -25.303354 -1334.630615 169.578568
v -25.068186 -1334.920898 169.608704
v -24.247843 -1334.366577 168.549301
v -24.483006 -1334.076172 168.519150
v -40.946312 -1349.576538 147.659515
v -41.766647 -1350.130981 148.718918
v -40.711136 -1349.866943 147.689667
v -41.531487 -1350.421387 148.749084
vn 0.535153 0.503845 0.678050
vn -0.627362 0.774564 -0.080422
vn -0.535173 -0.503798 -0.678069
vn 0.627343 -0.774576 0.080448
vn -0.565723 -0.382337 0.730600
vn 0.565758 0.382294 -0.730595
usemtl 
s off
f 1//1 2//1 3//1 4//1
f 6//2 1//2 4//2 5//2
f 5//3 7//3 8//3 6//3
f 2//4 8//4 7//4 3//4
f 2//5 1//5 6//5 8//5
f 7//6 5//6 4//6 3//6
o Mesh.026_Cube.007_Cube.008
v -39.497593 -1340.094116 228.309418
v -39.537323 -1340.023926 228.311234
v -40.589275 -1340.597534 227.494568
v -40.549553 -1340.667847 227.492752
v -30.178013 -1334.344849 209.691528
v -29.126055 -1333.771118 210.508179
v -30.217751 -1334.274536 209.693329
v -29.165791 -1333.700806 210.509995
vn -0.481219 -0.293473 0.826015
vn 0.492057 -0.870274 -0.022434
vn 0.481323 0.293260 -0.826031
vn -0.492032 0.870287 0.022456
vn 0.725403 0.395721 0.563201
vn -0.725537 -0.395483 -0.563195
usemtl 
s off
f 9//7 10//7 11//7 12//7
f 14//8 9//8 12//8 13//8
f 13//9 15//9 16//9 14//9
f 10//10 16//10 15//10 11//10
f 10//11 9//11 14//11 16//11
f 15//12 13//12 12//12 11//12
o Mesh.025_Cube.018_Cube.019
v -40.887474 -1342.313354 209.792206
v -40.828030 -1342.258667 209.790222
v -40.074303 -1343.111816 208.892044
v -40.133743 -1343.166504 208.894043
v -51.514324 -1331.532227 188.292587
v -52.268059 -1330.679077 189.190750
v -51.454880 -1331.477661 188.290588
v -52.208611 -1330.624512 189.188751
vn -0.433744 0.442886 -0.784677
vn 0.736151 0.676367 -0.024696
vn 0.433288 -0.443300 0.784696
vn -0.736150 -0.676367 0.024700
vn 0.519851 -0.588299 -0.619403
vn -0.519825 0.588322 0.619402
usemtl 
s off
f 17//13 18//13 19//13 20//13
f 22//14 17//14 20//14 21//14
f 21//15 23//15 24//15 22//15
f 18//16 24//16 23//16 19//16
f 18//17 17//17 22//17 24//17
f 23//18 21//18 20//18 19//18
o Mesh.024_Cube.006_Cube.007
v -38.981178 -1324.792969 228.023392
v -38.941448 -1324.863281 228.025208
v -37.889488 -1324.289551 227.208542
v -37.929218 -1324.219360 227.206726
v -48.300755 -1330.542358 209.405487
v -49.352707 -1331.115967 210.222153
v -48.261017 -1330.612671 209.407303
v -49.312969 -1331.186279 210.223969
vn 0.481207 0.293492 0.826016
vn -0.492005 0.870302 -0.022475
vn -0.481305 -0.293345 -0.826011
vn 0.492032 -0.870287 0.022456
vn -0.725547 -0.395468 0.563194
vn 0.725399 0.395724 -0.563204
usemtl 
s off
f 25//19 26//19 27//19 28//19
f 30//20 25//20 28//20 29//20
f 29//21 31//21 32//21 30//21
f 26//22 32//22 31//22 27//22
f 26//23 25//23 30//23 32//23
f 31//24 29//24 28//24 27//24
o Mesh.023_Cube.019_Cube.020
v -51.606895 -1331.473511 188.514862
v -51.667542 -1331.525757 188.525711
v -52.432945 -1330.850830 187.495514
v -52.372303 -1330.798584 187.484665
v -41.956886 -1346.670044 169.348740
v -41.191463 -1347.344849 170.378937
v -42.017532 -1346.722168 169.359589
v -41.252110 -1347.397095 170.389801
vn 0.396998 -0.604265 -0.690838
vn -0.750987 -0.646481 0.134468
vn -0.396611 0.604620 0.690749
vn 0.751001 0.646468 -0.134447
vn -0.528014 0.465287 -0.710429
vn 0.527711 -0.465549 0.710483
usemtl 
s off
f 33//25 34//25 35//25 36//25
f 38//26 33//26 36//26 37//26
f 37//27 39//27 40//27 38//27
f 34//28 40//28 39//28 35//28
f 34//29 33//29 38//29 40//29
f 39//30 37//30 36//30 35//30
o Mesh.022_Cube.002_Cube.003
v -36.635048 -1314.734741 146.299316
v -36.848579 -1314.426636 146.299316
v -37.439087 -1314.835938 147.558853
v -37.225555 -1315.144043 147.558853
v -59.188961 -1330.365723 132.316269
v -58.598450 -1329.956421 131.056702
v -59.402485 -1330.057617 132.316269
v -58.811981 -1329.648315 131.056702
vn 0.713920 0.494780 0.495491
vn 0.569633 -0.821899 -0.000025
vn -0.713928 -0.494777 -0.495482
vn -0.569633 0.821899 0.000026
vn 0.407229 0.282229 -0.868626
vn -0.407231 -0.282225 0.868627
usemtl 
s off
f 41//31 42//31 43//31 44//31
f 46//32 41//32 44//32 45//32
f 45//33 47//33 48//33 46//33
f 42//34 48//34 47//34 43//34
f 42//35 41//35 46//35 48//35
f 47//36 45//36 44//36 43//36
o Mesh.021_Cube.003_Cube.004
v -53.252548 -1330.316895 169.145630
v -53.487720 -1330.026489 169.175781
v -54.308060 -1330.580933 168.116379
v -54.072899 -1330.871216 168.086227
v -37.609596 -1315.370850 147.226593
v -36.789253 -1314.816528 148.285995
v -37.844765 -1315.080566 147.256744
v -37.024414 -1314.526123 148.316147
vn -0.535141 -0.503855 0.678051
vn 0.627324 -0.774590 -0.080471
vn 0.535143 0.503853 -0.678052
vn -0.627361 0.774564 0.080423
vn 0.565761 0.382291 0.730594
vn -0.565683 -0.382386 -0.730605
usemtl 
s off
f 49//37 50//37 51//37 52//37
f 54//38 49//38 52//38 53//38
f 53//39 55//39 56//39 54//39
f 50//40 56//40 55//40 51//40
f 50//41 49//41 54//41 56//41
f 55//42 53//42 52//42 51//42
o Mesh.020_Cylinder
v -40.939106 -1352.329712 130.911270
v -39.502731 -1340.600830 227.148911
v -39.794964 -1341.114624 227.215866
v -41.231346 -1352.843506 130.978226
v -40.367901 -1341.272095 227.243622
v -41.804272 -1353.000977 131.005981
v -40.885899 -1340.980957 227.215866
v -42.322273 -1352.709839 130.978226
v -41.045536 -1340.411987 227.148911
v -42.481911 -1352.140747 130.911270
v -40.753292 -1339.898193 227.081924
v -42.189674 -1351.627075 130.844299
v -40.180367 -1339.740723 227.054199
v -41.616737 -1351.469604 130.816559
v -39.662365 -1340.031738 227.081924
v -41.098740 -1351.760620 130.844299
v -47.188251 -1322.089233 147.673798
v -46.393490 -1323.105835 147.673782
v -46.393490 -1323.105835 146.532013
v -47.188251 -1322.089233 146.532013
v -56.606087 -1331.089966 147.673782
v -56.606087 -1331.089966 146.532013
v -57.400841 -1330.073364 147.673782
v -57.400833 -1330.073364 146.532013
v -44.548866 -1324.494751 188.866058
v -43.754108 -1325.511353 188.866058
v -43.754105 -1325.511353 187.724289
v -44.548866 -1324.494751 187.724304
v -51.996239 -1331.954956 188.866058
v -51.996239 -1331.954956 187.724289
v -52.791000 -1330.938354 188.866058
v -52.791000 -1330.938354 187.724304
v -43.605106 -1325.991455 209.726273
v -42.810349 -1327.008057 209.726273
v -42.810349 -1327.008057 208.584473
v -43.605106 -1325.991455 208.584488
v -49.384727 -1332.147827 209.726257
v -49.384727 -1332.147827 208.584473
v -50.179485 -1331.131226 209.726257
v -50.179485 -1331.131226 208.584488
v -57.308865 -1330.609253 147.673798
v -56.292274 -1329.814575 147.673798
v -56.292274 -1329.814575 146.532013
v -57.308865 -1330.609253 146.532013
v -48.308159 -1340.027100 147.673798
v -48.308151 -1340.027100 146.532013
v -49.324749 -1340.821899 147.673798
v -49.324741 -1340.821899 146.532013
v -52.586559 -1330.933350 188.866058
v -51.569965 -1330.138672 188.866058
v -51.569965 -1330.138672 187.724289
v -52.586555 -1330.933350 187.724289
v -45.126339 -1338.380737 188.866058
v -45.126339 -1338.380737 187.724289
v -46.142933 -1339.175537 188.866058
v -46.142933 -1339.175537 187.724289
v -49.871902 -1331.547607 209.726273
v -48.855312 -1330.752808 209.726257
v -48.855312 -1330.752808 208.584473
v -49.871902 -1331.547607 208.584488
v -43.715523 -1337.327271 209.726257
v -43.715523 -1337.327271 208.584473
v -44.732124 -1338.121948 209.726257
v -44.732124 -1338.121948 208.584473
v -55.228745 -1330.864014 169.559555
v -54.212154 -1330.069336 169.559555
v -54.212162 -1330.069336 168.417786
v -55.228745 -1330.864014 168.417786
v -46.228039 -1340.281860 169.559555
v -46.228039 -1340.281860 168.417786
v -47.244633 -1341.076660 169.559555
v -47.244633 -1341.076660 168.417786
v -53.270508 -1331.000244 169.559570
v -54.065273 -1329.983643 169.559555
v -54.065273 -1329.983643 168.417786
v -53.270508 -1331.000244 168.417786
v -43.852676 -1321.999512 169.559555
v -43.852669 -1321.999512 168.417786
v -43.057922 -1323.016113 169.559555
v -43.057915 -1323.016113 168.417786
v -19.206371 -1335.624512 130.978226
v -30.935246 -1334.188110 227.215881
v -31.504318 -1334.347778 227.148911
v -19.775436 -1335.784180 130.911270
v -18.915312 -1335.106567 131.005981
v -30.644188 -1333.670166 227.243622
v -19.072769 -1334.533569 130.978226
v -30.801643 -1333.097168 227.215881
v -19.586494 -1334.241333 130.911270
v -31.315369 -1332.804932 227.148911
v -20.155567 -1334.401001 130.844299
v -31.884447 -1332.964600 227.081924
v -20.446617 -1334.919067 130.816559
v -32.175499 -1333.482544 227.054199
v -32.018044 -1334.055542 227.081924
v -20.289167 -1335.491943 130.844299
v -47.614208 -1322.422363 146.532013
v -46.819447 -1323.438843 146.532013
v -46.819447 -1323.438843 147.673782
v -47.614208 -1322.422363 147.673782
v -36.606834 -1315.454834 146.532013
v -36.606850 -1315.454834 147.673782
v -37.401608 -1314.438232 146.532013
v -37.401611 -1314.438232 147.673782
v -45.916721 -1325.564209 187.724289
v -45.121956 -1326.580811 187.724289
v -45.121964 -1326.580688 188.866058
v -45.916721 -1325.564209 188.866058
v -36.879822 -1320.137085 187.724274
v -36.879822 -1320.137085 188.866058
v -37.674587 -1319.120483 187.724289
v -37.674587 -1319.120483 188.866058
v -44.692047 -1326.841187 208.584473
v -43.897289 -1327.857788 208.584473
v -43.897289 -1327.857788 209.726257
v -44.692051 -1326.841187 209.726273
v -37.322906 -1322.718018 208.584473
v -37.322910 -1322.718018 209.726257
v -38.117668 -1321.701416 208.584473
v -38.117668 -1321.701416 209.726242
v -36.903740 -1314.656738 146.532013
v -37.920322 -1315.451538 146.532013
v -37.920334 -1315.451538 147.673782
v -36.903740 -1314.656738 147.673782
v -29.936218 -1325.664185 146.532013
v -29.936209 -1325.664185 147.673782
v -28.919624 -1324.869385 146.532013
v -28.919628 -1324.869385 147.673782
v -37.728786 -1319.317749 187.724289
v -38.745380 -1320.112427 187.724274
v -38.745380 -1320.112427 188.866058
v -37.728790 -1319.317749 188.866058
v -32.301750 -1328.354614 187.724289
v -32.301754 -1328.354614 188.866058
v -31.285164 -1327.559814 187.724289
v -31.285164 -1327.559814 188.866058
v -37.787815 -1322.100342 208.584473
v -38.804405 -1322.895142 208.584473
v -38.804405 -1322.895142 209.726257
v -37.787815 -1322.100342 209.726257
v -33.664619 -1329.469482 208.584473
v -33.664619 -1329.469482 209.726257
v -32.648026 -1328.674683 208.584473
v -32.648026 -1328.674683 209.726257
v -37.158482 -1316.736938 168.417786
v -38.175068 -1317.531616 168.417786
v -38.175076 -1317.531616 169.559540
v -37.158482 -1316.736938 169.559555
v -30.190960 -1327.744263 168.417786
v -30.190952 -1327.744263 169.559540
v -29.174370 -1326.949463 168.417786
v -29.174370 -1326.949463 169.559540
v -37.498901 -1318.670166 168.417786
v -38.293655 -1317.653564 168.417770
v -38.293663 -1317.653564 169.559540
v -37.498901 -1318.670166 169.559555
v -48.506252 -1325.637695 168.417786
v -48.506252 -1325.637695 169.559540
v -47.711498 -1326.654175 168.417786
v -47.711498 -1326.654175 169.559540
v -59.407612 -1329.593994 130.978226
v -47.678741 -1331.030396 227.215881
v -47.109673 -1330.870728 227.148911
v -58.838531 -1329.434326 130.911255
v -59.698662 -1330.111938 131.005966
v -47.969803 -1331.548340 227.243622
v -59.541206 -1330.684937 130.978226
v -47.812344 -1332.121216 227.215881
v -59.027481 -1330.977173 130.911255
v -47.298622 -1332.413574 227.148911
v -58.458412 -1330.817505 130.844299
v -46.729542 -1332.253906 227.081924
v -58.167351 -1330.299438 130.816544
v -46.438496 -1331.735840 227.054199
v -46.595947 -1331.162964 227.081924
v -58.324806 -1329.726562 130.844299
v -30.999777 -1342.796265 146.532028
v -31.794540 -1341.779663 146.532028
v -31.794540 -1341.779663 147.673798
v -30.999777 -1342.796265 147.673798
v -42.007137 -1349.763672 146.532028
v -42.007137 -1349.763672 147.673798
v -41.212364 -1350.780273 146.532028
v -41.212364 -1350.780273 147.673798
v -32.697266 -1339.654297 187.724304
v -33.492020 -1338.637695 187.724304
v -33.492020 -1338.637695 188.866074
v -32.697266 -1339.654297 188.866074
v -41.734169 -1345.081421 187.724304
v -41.734161 -1345.081421 188.866058
v -40.939396 -1346.097900 187.724304
v -40.939400 -1346.097900 188.866058
v -33.921944 -1338.377319 208.584488
v -34.716705 -1337.360718 208.584473
v -34.716698 -1337.360718 209.726273
v -33.921944 -1338.377319 209.726273
v -41.291080 -1342.500488 208.584488
v -41.291077 -1342.500488 209.726273
v -40.496319 -1343.517090 208.584488
v -40.496319 -1343.517090 209.726273
v -41.710236 -1350.561768 146.532028
v -40.693653 -1349.766968 146.532028
v -40.693649 -1349.766968 147.673798
v -41.710239 -1350.561768 147.673813
v -48.677769 -1339.554321 146.532013
v -48.677765 -1339.554321 147.673798
v -49.694347 -1340.349121 146.532028
v -49.694355 -1340.349121 147.673798
v -40.885197 -1345.900757 187.724304
v -39.868603 -1345.105957 187.724289
v -39.868603 -1345.105957 188.866058
v -40.885197 -1345.900757 188.866074
v -46.312229 -1336.863892 187.724289
v -46.312229 -1336.863892 188.866058
v -47.328819 -1337.658691 187.724289
v -47.328819 -1337.658691 188.866058
v -40.826172 -1343.118164 208.584488
v -39.809582 -1342.323364 208.584473
v -39.809582 -1342.323364 209.726273
v -40.826172 -1343.118164 209.726273
v -44.949368 -1335.749023 208.584473
v -44.949368 -1335.749023 209.726257
v -45.965961 -1336.543701 208.584488
v -45.965954 -1336.543701 209.726257
v -41.455498 -1348.481567 168.417786
v -40.438915 -1347.686890 168.417786
v -40.438908 -1347.686890 169.559555
v -41.455498 -1348.481567 169.559570
v -48.423019 -1337.474243 168.417786
v -48.423027 -1337.474243 169.559555
v -49.439613 -1338.269043 168.417786
v -49.439613 -1338.269043 169.559555
v -41.115082 -1346.548340 168.417786
v -40.320324 -1347.564941 168.417786
v -40.320320 -1347.564941 169.559570
v -41.115082 -1346.548340 169.559570
v -30.107721 -1339.580811 168.417786
v -30.107735 -1339.580811 169.559555
v -30.902485 -1338.564331 168.417786
v -30.902493 -1338.564331 169.559555
v -37.674870 -1312.888794 130.911255
v -39.111259 -1324.617676 227.148911
v -38.819019 -1324.103882 227.215881
v -37.382637 -1312.375000 130.978226
v -38.246086 -1323.946411 227.243622
v -36.809704 -1312.217529 131.005966
v -37.728088 -1324.237549 227.215881
v -36.291702 -1312.508667 130.978226
v -37.568455 -1324.806519 227.148911
v -36.132057 -1313.077759 130.911255
v -37.860695 -1325.320312 227.081924
v -36.424305 -1313.591431 130.844284
v -38.433620 -1325.477783 227.054199
v -36.997231 -1313.748901 130.816544
v -38.951626 -1325.186646 227.081940
v -37.515236 -1313.457886 130.844284
v -31.425734 -1343.129272 147.673798
v -32.220497 -1342.112671 147.673798
v -32.220497 -1342.112671 146.532013
v -31.425734 -1343.129272 146.532028
v -22.007900 -1334.128540 147.673782
v -22.007893 -1334.128540 146.532013
v -21.213139 -1335.145142 147.673798
v -21.213139 -1335.145142 146.532013
v -34.065117 -1340.723755 188.866058
v -34.859875 -1339.707153 188.866058
v -34.859882 -1339.707153 187.724289
v -34.065117 -1340.723755 187.724304
v -26.617748 -1333.263550 188.866058
v -26.617746 -1333.263550 187.724289
v -25.822987 -1334.280029 188.866058
v -25.822985 -1334.280029 187.724289
v -35.008873 -1339.227051 209.726273
v -35.803635 -1338.210449 209.726273
v -35.803635 -1338.210449 208.584473
v -35.008881 -1339.227051 208.584488
v -29.229259 -1333.070679 209.726257
v -29.229265 -1333.070679 208.584473
v -28.434502 -1334.087280 209.726257
v -28.434502 -1334.087280 208.584488
v -21.305128 -1334.609131 147.673798
v -22.321714 -1335.403931 147.673798
v -22.321722 -1335.403931 146.532013
v -21.305128 -1334.609131 146.532028
v -30.305828 -1325.191406 147.673782
v -30.305836 -1325.191406 146.532013
v -29.289242 -1324.396606 147.673782
v -29.289242 -1324.396606 146.532013
v -26.027428 -1334.285156 188.866058
v -27.044018 -1335.079834 188.866058
v -27.044018 -1335.079834 187.724289
v -26.027426 -1334.285156 187.724289
v -33.487644 -1326.837769 188.866058
v -33.487644 -1326.837769 187.724289
v -32.471050 -1326.042969 188.866058
v -32.471050 -1326.042969 187.724289
v -28.742083 -1333.670898 209.726273
v -29.758675 -1334.465698 209.726257
v -29.758675 -1334.465698 208.584473
v -28.742083 -1333.670898 208.584473
v -34.898460 -1327.891235 209.726257
v -34.898460 -1327.891235 208.584473
v -33.881870 -1327.096558 209.726257
v -33.881863 -1327.096558 208.584473
v -23.385235 -1334.354492 169.559555
v -24.401829 -1335.149170 169.559540
v -24.401817 -1335.149170 168.417786
v -23.385235 -1334.354492 168.417786
v -32.385937 -1324.936646 169.559540
v -32.385941 -1324.936646 168.417786
v -31.369350 -1324.141846 169.559540
v -31.369350 -1324.141846 168.417786
v -25.343472 -1334.218262 169.559555
v -24.548710 -1335.234863 169.559540
v -24.548710 -1335.234863 168.417786
v -25.343472 -1334.218262 168.417786
v -34.761314 -1343.218994 169.559555
v -34.761307 -1343.218994 168.417786
v -35.556068 -1342.202393 169.559555
v -35.556068 -1342.202393 168.417786
vn 0.870887 -0.489267 0.046631
vn 0.268405 -0.956704 0.112591
vn -0.491420 -0.863615 0.112587
vn -0.963194 -0.264729 0.046639
vn -0.870860 0.489314 -0.046637
vn -0.268401 0.956705 -0.112592
vn 0.014736 0.120963 0.992548
vn 0.014841 0.120951 0.992548
vn 0.014830 0.120957 0.992547
vn 0.014785 0.120962 0.992547
vn 0.014806 0.120968 0.992546
vn 0.014837 0.120964 0.992546
vn 0.963204 0.264696 -0.046636
vn 0.491263 0.863703 -0.112595
vn -0.014767 -0.120946 -0.992549
vn -0.014845 -0.120936 -0.992549
vn -0.014802 -0.120960 -0.992547
vn -0.014812 -0.120959 -0.992547
vn -0.014799 -0.120955 -0.992548
vn -0.014867 -0.120947 -0.992548
vn 0.787821 0.615905 0.000000
vn 0.615909 -0.787817 0.000000
vn -0.787825 -0.615899 -0.000003
vn -0.615910 0.787817 -0.000002
vn 0.000000 0.000000 -1.000000
vn 0.000003 -0.000005 1.000000
vn 0.787821 0.615904 0.000001
vn 0.615907 -0.787818 0.000001
vn -0.787821 -0.615905 0.000000
vn -0.615907 0.787819 0.000000
vn -0.000007 0.000009 -1.000000
vn 0.000000 0.000000 1.000000
vn 0.787822 0.615903 0.000000
vn 0.615907 -0.787819 0.000000
vn -0.787822 -0.615903 0.000000
vn -0.000001 -0.000001 1.000000
vn -0.615869 0.787849 0.000000
vn 0.787815 0.615911 0.000003
vn 0.615927 -0.787803 0.000004
vn -0.787819 -0.615907 -0.000003
vn -0.615868 0.787849 -0.000001
vn 0.787815 0.615912 0.000000
vn 0.615926 -0.787804 0.000000
vn -0.787820 -0.615906 -0.000001
vn -0.615927 0.787803 0.000000
vn 0.787821 0.615904 0.000000
vn 0.615864 -0.787852 0.000000
vn -0.787816 -0.615910 0.000000
vn -0.000005 -0.000003 -1.000000
vn 0.000005 0.000003 1.000000
vn -0.615870 0.787848 0.000002
vn 0.787815 0.615912 -0.000003
vn -0.787819 -0.615907 0.000000
vn -0.787819 -0.615906 0.000000
vn -0.615909 0.787817 -0.000002
vn 0.787824 0.615901 0.000005
vn 0.615910 -0.787817 0.000002
vn -0.000003 0.000005 1.000000
vn 0.264760 -0.963186 0.046643
vn 0.863649 -0.491359 0.112590
vn 0.956718 0.268353 0.112594
vn 0.489316 0.870859 0.046637
vn -0.264755 0.963187 -0.046643
vn -0.863681 0.491303 -0.112594
vn -0.120960 0.014813 0.992547
vn -0.120964 0.014814 0.992546
vn -0.120963 0.014814 0.992546
vn -0.120989 0.014817 0.992543
vn -0.120992 0.014817 0.992543
vn -0.120896 0.014805 0.992555
vn -0.489312 -0.870861 -0.046636
vn -0.956713 -0.268371 -0.112593
vn 0.121024 -0.014821 -0.992539
vn 0.120937 -0.014811 -0.992550
vn 0.120938 -0.014810 -0.992550
vn 0.120963 -0.014814 -0.992546
vn 0.120963 -0.014814 -0.992547
vn 0.120971 -0.014814 -0.992546
vn -0.787785 -0.615951 0.000000
vn 0.615903 -0.787822 0.000004
vn 0.787818 0.615907 0.000007
vn -0.615909 0.787817 -0.000001
vn -0.787803 -0.615928 0.000030
vn 0.615911 -0.787816 0.000044
vn 0.787819 0.615906 0.000000
vn -0.615915 0.787813 0.000000
vn -0.000004 0.000004 -1.000000
vn -0.787821 -0.615904 -0.000001
vn 0.615907 -0.787819 0.000001
vn -0.615907 0.787819 -0.000001
vn 0.000001 0.000001 1.000000
vn -0.615928 0.787802 -0.000003
vn -0.787819 -0.615907 -0.000001
vn 0.615928 -0.787802 -0.000002
vn 0.787819 0.615907 0.000001
vn -0.787819 -0.615906 -0.000001
vn 0.615928 -0.787802 0.000001
vn 0.787815 0.615912 0.000001
vn 0.000005 0.000003 -1.000000
vn -0.787816 -0.615911 0.000000
vn 0.787816 0.615911 0.000000
vn -0.615869 0.787849 -0.000002
vn 0.615929 -0.787802 -0.000002
vn -0.000004 -0.000004 1.000000
vn 0.787822 0.615903 0.000003
vn -0.787788 -0.615947 0.000000
vn 0.615904 -0.787822 0.000000
vn 0.000003 -0.000005 -1.000000
vn -0.000004 0.000004 1.000000
vn -0.264757 0.963187 0.046643
vn -0.863652 0.491354 0.112590
vn -0.956711 -0.268380 0.112593
vn -0.489394 -0.870814 0.046647
vn 0.264757 -0.963187 -0.046643
vn 0.863703 -0.491264 -0.112595
vn 0.120906 -0.014806 0.992554
vn 0.120992 -0.014816 0.992543
vn 0.120989 -0.014817 0.992543
vn 0.120964 -0.014814 0.992546
vn 0.120961 -0.014815 0.992547
vn 0.489315 0.870859 -0.046637
vn 0.956705 0.268400 -0.112591
vn -0.121032 0.014823 -0.992538
vn -0.120937 0.014811 -0.992550
vn -0.120962 0.014814 -0.992547
vn -0.120965 0.014813 -0.992546
vn -0.120962 0.014813 -0.992547
vn 0.787820 0.615906 0.000000
vn -0.615903 0.787822 0.000000
vn 0.615904 -0.787821 0.000000
vn 0.787824 0.615901 0.000000
vn -0.615914 0.787813 0.000002
vn -0.787783 -0.615953 0.000001
vn 0.787822 0.615903 -0.000003
vn -0.615907 0.787819 0.000003
vn -0.787821 -0.615904 0.000001
vn 0.615929 -0.787802 0.000000
vn 0.787819 0.615907 -0.000003
vn -0.615929 0.787801 -0.000001
vn -0.787819 -0.615907 -0.000004
vn -0.000004 -0.000004 -1.000000
vn 0.000004 0.000004 1.000000
vn -0.787815 -0.615912 0.000000
vn 0.615927 -0.787803 0.000000
vn -0.615869 0.787849 0.000002
vn -0.787822 -0.615903 0.000003
vn -0.000009 -0.000007 -1.000000
vn -0.000001 0.000001 1.000000
vn 0.615870 -0.787848 -0.000002
vn 0.787819 0.615907 0.000000
vn -0.615927 0.787803 -0.000002
vn -0.787815 -0.615911 0.000000
vn 0.615910 -0.787817 0.000003
vn 0.787785 0.615950 0.000007
vn -0.615904 0.787821 -0.000002
vn -0.870887 0.489266 0.046631
vn -0.268402 0.956704 0.112592
vn 0.491418 0.863616 0.112587
vn 0.963194 0.264731 0.046640
vn 0.870857 -0.489319 -0.046637
vn 0.268404 -0.956704 -0.112591
vn -0.014806 -0.120982 0.992544
vn -0.014841 -0.120978 0.992544
vn -0.014785 -0.120962 0.992547
vn -0.014829 -0.120957 0.992547
vn -0.014809 -0.120968 0.992546
vn -0.014771 -0.120972 0.992546
vn -0.963196 -0.264722 -0.046639
vn -0.491337 -0.863662 -0.112591
vn 0.014835 0.120965 -0.992546
vn 0.014833 0.120965 -0.992546
vn 0.014812 0.120959 -0.992547
vn 0.014802 0.120960 -0.992547
vn 0.014813 0.120954 -0.992548
vn 0.014802 0.120955 -0.992548
vn -0.787820 -0.615906 0.000000
vn -0.787821 -0.615905 0.000003
vn -0.615907 0.787818 0.000001
vn 0.787785 0.615951 0.000001
vn 0.615915 -0.787813 0.000000
vn -0.615908 0.787818 0.000002
vn 0.787821 0.615904 -0.000002
vn 0.615907 -0.787818 -0.000002
vn 0.000007 -0.000009 -1.000000
vn 0.615927 -0.787803 -0.000002
vn -0.787816 -0.615911 0.000005
vn -0.615927 0.787803 0.000002
vn 0.615868 -0.787849 0.000001
vn -0.615926 0.787804 0.000000
vn 0.787820 0.615906 0.000001
vn 0.615927 -0.787804 0.000000
vn -0.615867 0.787850 -0.000002
vn 0.787816 0.615910 0.000003
vn -0.000005 -0.000003 1.000000
vn 0.615869 -0.787848 0.000003
vn -0.787816 -0.615911 -0.000003
vn -0.615928 0.787802 0.000001
vn 0.615909 -0.787817 0.000002
vn -0.787822 -0.615903 -0.000003
vn -0.615909 0.787817 0.000000
vn 0.000004 -0.000004 1.000000
usemtl 
s off
f 57//43 58//43 59//43 60//43
f 60//44 59//44 61//44 62//44
f 62//45 61//45 63//45 64//45
f 64//46 63//46 65//46 66//46
f 66//47 65//47 67//47 68//47
f 68//48 67//48 69//48 70//48
f 59//49 58//49 71//49
f 59//50 71//50 61//50
f 71//51 69//51 61//51
f 69//52 67//52 61//52
f 67//53 63//53 61//53
f 67//54 65//54 63//54
f 58//55 57//55 72//55 71//55
f 70//56 69//56 71//56 72//56
f 57//57 60//57 72//57
f 60//58 62//58 72//58
f 62//59 70//59 72//59
f 62//60 68//60 70//60
f 62//61 64//61 68//61
f 64//62 66//62 68//62
f 73//63 74//63 75//63 76//63
f 74//64 77//64 78//64 75//64
f 77//65 79//65 80//65 78//65
f 79//66 73//66 76//66 80//66
f 76//67 75//67 78//67 80//67
f 79//68 77//68 74//68 73//68
f 81//69 82//69 83//69 84//69
f 82//70 85//70 86//70 83//70
f 85//71 87//71 88//71 86//71
f 87//72 81//72 84//72 88//72
f 84//73 83//73 86//73 88//73
f 87//74 85//74 82//74 81//74
f 89//75 90//75 91//75 92//75
f 90//76 93//76 94//76 91//76
f 93//77 95//77 96//77 94//77
f 95//72 89//72 92//72 96//72
f 92//73 91//73 94//73 96//73
f 95//78 93//78 90//78 89//78
f 97//79 98//79 99//79 100//79
f 98//80 101//80 102//80 99//80
f 101//81 103//81 104//81 102//81
f 103//82 97//82 100//82 104//82
f 100//67 99//67 102//67 104//67
f 103//74 101//74 98//74 97//74
f 105//83 106//83 107//83 108//83
f 106//84 109//84 110//84 107//84
f 109//85 111//85 112//85 110//85
f 111//86 105//86 108//86 112//86
f 108//67 107//67 110//67 112//67
f 111//74 109//74 106//74 105//74
f 113//87 114//87 115//87 116//87
f 114//88 117//88 118//88 115//88
f 117//89 119//89 120//89 118//89
f 119//90 113//90 116//90 120//90
f 116//91 115//91 118//91 120//91
f 119//92 117//92 114//92 113//92
f 121//93 122//93 123//93 124//93
f 122//94 125//94 126//94 123//94
f 125//85 127//85 128//85 126//85
f 127//95 121//95 124//95 128//95
f 124//67 123//67 126//67 128//67
f 127//74 125//74 122//74 121//74
f 129//96 130//96 131//96 132//96
f 130//97 133//97 134//97 131//97
f 133//98 135//98 136//98 134//98
f 135//99 129//99 132//99 136//99
f 132//67 131//67 134//67 136//67
f 135//100 133//100 130//100 129//100
f 137//101 138//101 139//101 140//101
f 141//102 142//102 138//102 137//102
f 143//103 144//103 142//103 141//103
f 145//104 146//104 144//104 143//104
f 147//105 148//105 146//105 145//105
f 149//106 150//106 148//106 147//106
f 142//107 144//107 138//107
f 144//108 146//108 138//108
f 146//109 139//109 138//109
f 146//110 148//110 139//110
f 148//111 151//111 139//111
f 148//112 150//112 151//112
f 140//113 139//113 151//113 152//113
f 152//114 151//114 150//114 149//114
f 143//115 141//115 137//115
f 145//116 143//116 137//116
f 145//117 137//117 140//117
f 147//118 145//118 140//118
f 152//119 147//119 140//119
f 152//120 149//120 147//120
f 153//121 154//121 155//121 156//121
f 154//122 157//122 158//122 155//122
f 157//123 159//123 160//123 158//123
f 159//124 153//124 156//124 160//124
f 159//67 157//67 154//67 153//67
f 156//74 155//74 158//74 160//74
f 161//125 162//125 163//125 164//125
f 162//126 165//126 166//126 163//126
f 165//127 167//127 168//127 166//127
f 167//128 161//128 164//128 168//128
f 167//129 165//129 162//129 161//129
f 164//74 163//74 166//74 168//74
f 169//130 170//130 171//130 172//130
f 170//131 173//131 174//131 171//131
f 173//69 175//69 176//69 174//69
f 175//132 169//132 172//132 176//132
f 175//67 173//67 170//67 169//67
f 172//133 171//133 174//133 176//133
f 177//134 178//134 179//134 180//134
f 178//135 181//135 182//135 179//135
f 181//136 183//136 184//136 182//136
f 183//137 177//137 180//137 184//137
f 183//67 181//67 178//67 177//67
f 180//74 179//74 182//74 184//74
f 185//83 186//83 187//83 188//83
f 186//138 189//138 190//138 187//138
f 189//139 191//139 192//139 190//139
f 191//140 185//140 188//140 192//140
f 191//141 189//141 186//141 185//141
f 188//74 187//74 190//74 192//74
f 193//87 194//87 195//87 196//87
f 194//142 197//142 198//142 195//142
f 197//85 199//85 200//85 198//85
f 199//143 193//143 196//143 200//143
f 199//67 197//67 194//67 193//67
f 196//74 195//74 198//74 200//74
f 201//144 202//144 203//144 204//144
f 202//95 205//95 206//95 203//95
f 205//145 207//145 208//145 206//145
f 207//143 201//143 204//143 208//143
f 207//67 205//67 202//67 201//67
f 204//146 203//146 206//146 208//146
f 209//147 210//147 211//147 212//147
f 210//97 213//97 214//97 211//97
f 213//148 215//148 216//148 214//148
f 215//149 209//149 212//149 216//149
f 215//150 213//150 210//150 209//150
f 212//151 211//151 214//151 216//151
f 217//152 218//152 219//152 220//152
f 221//153 222//153 218//153 217//153
f 223//154 224//154 222//154 221//154
f 225//155 226//155 224//155 223//155
f 227//156 228//156 226//156 225//156
f 229//157 230//157 228//157 227//157
f 228//158 230//158 231//158
f 228//159 231//159 219//159
f 226//160 228//160 219//160
f 226//161 219//161 218//161
f 224//162 226//162 218//162
f 222//162 224//162 218//162
f 220//163 219//163 231//163 232//163
f 232//164 231//164 230//164 229//164
f 232//165 229//165 227//165
f 232//166 227//166 220//166
f 227//166 225//166 220//166
f 225//167 217//167 220//167
f 225//168 223//168 217//168
f 223//169 221//169 217//169
f 233//170 234//170 235//170 236//170
f 234//171 237//171 238//171 235//171
f 237//90 239//90 240//90 238//90
f 239//172 233//172 236//172 240//172
f 239//67 237//67 234//67 233//67
f 236//74 235//74 238//74 240//74
f 241//173 242//173 243//173 244//173
f 242//174 245//174 246//174 243//174
f 245//175 247//175 248//175 246//175
f 247//70 241//70 244//70 248//70
f 247//67 245//67 242//67 241//67
f 244//78 243//78 246//78 248//78
f 249//176 250//176 251//176 252//176
f 250//177 253//177 254//177 251//177
f 253//178 255//178 256//178 254//178
f 255//76 249//76 252//76 256//76
f 255//150 253//150 250//150 249//150
f 252//74 251//74 254//74 256//74
f 257//179 258//179 259//179 260//179
f 258//180 261//180 262//180 259//180
f 261//181 263//181 264//181 262//181
f 263//182 257//182 260//182 264//182
f 263//183 261//183 258//183 257//183
f 260//184 259//184 262//184 264//184
f 265//85 266//85 267//85 268//85
f 266//84 269//84 270//84 267//84
f 269//87 271//87 272//87 270//87
f 271//185 265//185 268//185 272//185
f 271//183 269//183 266//183 265//183
f 268//184 267//184 270//184 272//184
f 273//186 274//186 275//186 276//186
f 274//143 277//143 278//143 275//143
f 277//187 279//187 280//187 278//187
f 279//188 273//188 276//188 280//188
f 279//189 277//189 274//189 273//189
f 276//190 275//190 278//190 280//190
f 281//191 282//191 283//191 284//191
f 282//192 285//192 286//192 283//192
f 285//193 287//193 288//193 286//193
f 287//194 281//194 284//194 288//194
f 287//67 285//67 282//67 281//67
f 284//184 283//184 286//184 288//184
f 289//178 290//178 291//178 292//178
f 290//195 293//195 294//195 291//195
f 293//196 295//196 296//196 294//196
f 295//197 289//197 292//197 296//197
f 295//67 293//67 290//67 289//67
f 292//133 291//133 294//133 296//133
f 297//198 298//198 299//198 300//198
f 300//199 299//199 301//199 302//199
f 302//200 301//200 303//200 304//200
f 304//201 303//201 305//201 306//201
f 306//202 305//202 307//202 308//202
f 308//203 307//203 309//203 310//203
f 307//204 305//204 303//204
f 307//205 303//205 301//205
f 309//206 307//206 301//206
f 311//207 309//207 301//207
f 299//208 311//208 301//208
f 299//209 298//209 311//209
f 312//210 311//210 298//210 297//210
f 310//211 309//211 311//211 312//211
f 304//212 306//212 308//212
f 302//213 304//213 308//213
f 302//214 308//214 310//214
f 302//215 310//215 312//215
f 300//216 302//216 312//216
f 297//217 300//217 312//217
f 313//218 314//218 315//218 316//218
f 314//97 317//97 318//97 315//97
f 317//147 319//147 320//147 318//147
f 319//64 313//64 316//64 320//64
f 316//150 315//150 318//150 320//150
f 319//100 317//100 314//100 313//100
f 321//219 322//219 323//219 324//219
f 322//220 325//220 326//220 323//220
f 325//221 327//221 328//221 326//221
f 327//222 321//222 324//222 328//222
f 324//150 323//150 326//150 328//150
f 327//74 325//74 322//74 321//74
f 329//188 330//188 331//188 332//188
f 330//223 333//223 334//223 331//223
f 333//224 335//224 336//224 334//224
f 335//225 329//225 332//225 336//225
f 332//226 331//226 334//226 336//226
f 335//133 333//133 330//133 329//133
f 337//227 338//227 339//227 340//227
f 338//228 341//228 342//228 339//228
f 341//229 343//229 344//229 342//229
f 343//143 337//143 340//143 344//143
f 340//141 339//141 342//141 344//141
f 343//190 341//190 338//190 337//190
f 345//230 346//230 347//230 348//230
f 346//185 349//185 350//185 347//185
f 349//231 351//231 352//231 350//231
f 351//232 345//232 348//232 352//232
f 348//67 347//67 350//67 352//67
f 351//74 349//74 346//74 345//74
f 353//233 354//233 355//233 356//233
f 354//77 357//77 358//77 355//77
f 357//234 359//234 360//234 358//234
f 359//235 353//235 356//235 360//235
f 356//67 355//67 358//67 360//67
f 359//236 357//236 354//236 353//236
f 361//237 362//237 363//237 364//237
f 362//238 365//238 366//238 363//238
f 365//239 367//239 368//239 366//239
f 367//192 361//192 364//192 368//192
f 364//67 363//67 366//67 368//67
f 367//236 365//236 362//236 361//236
f 369//63 370//63 371//63 372//63
f 370//240 373//240 374//240 371//240
f 373//241 375//241 376//241 374//241
f 375//242 369//242 372//242 376//242
f 372//67 371//67 374//67 376//67
f 375//243 373//243 370//243 369//243
o Mesh.019_Cube.015_Cube.016
v -38.068676 -1322.524292 210.139130
v -38.128120 -1322.578979 210.137131
v -38.881847 -1321.725830 209.238968
v -38.822403 -1321.671143 209.240967
v -27.441822 -1333.305420 188.639496
v -26.688099 -1334.158569 189.537674
v -27.501276 -1333.359985 188.637512
v -26.747543 -1334.213135 189.535675
vn 0.433789 -0.442841 -0.784677
vn -0.736153 -0.676365 -0.024699
vn -0.433225 0.443364 0.784694
vn 0.736150 0.676367 0.024699
vn -0.519816 0.588330 -0.619402
vn 0.519839 -0.588310 0.619402
usemtl 
s off
f 377//244 378//244 379//244 380//244
f 382//245 377//245 380//245 381//245
f 381//246 383//246 384//246 382//246
f 378//247 384//247 383//247 379//247
f 378//248 377//248 382//248 384//248
f 383//249 381//249 380//249 379//249
o Mesh.018_Cube.013_Cube.014
v -37.254791 -1318.245483 169.578568
v -36.964436 -1318.010376 169.608704
v -37.518826 -1317.189941 168.549301
v -37.809181 -1317.425171 168.519150
v -22.308804 -1333.888428 147.659515
v -21.754400 -1334.708862 148.718918
v -22.018440 -1333.653320 147.689667
v -21.464050 -1334.473633 148.749084
vn -0.503831 0.535153 0.678060
vn -0.774579 -0.627340 -0.080450
vn 0.503851 -0.535135 -0.678060
vn 0.774580 0.627338 0.080453
vn 0.382335 -0.565725 0.730599
vn -0.382329 0.565729 -0.730599
usemtl 
s off
f 385//250 386//250 387//250 388//250
f 390//251 385//251 388//251 389//251
f 389//252 391//252 392//252 390//252
f 386//253 392//253 391//253 387//253
f 386//254 385//254 390//254 392//254
f 391//255 389//255 388//255 387//255
o Mesh.017_Cube.009_Cube.010
v -40.421951 -1344.536133 188.861771
v -40.369743 -1344.596802 188.872620
v -41.044640 -1345.362183 187.842422
v -41.096840 -1345.301514 187.831573
v -25.225475 -1334.886108 169.695648
v -24.550579 -1334.120728 170.725845
v -25.173271 -1334.946777 169.706497
v -24.498367 -1334.181396 170.736710
vn 0.604557 0.396682 -0.690764
vn 0.646467 -0.751002 0.134447
vn -0.604581 -0.396654 0.690759
vn -0.646465 0.751004 -0.134444
vn -0.465519 -0.527744 -0.710478
vn 0.465590 0.527661 0.710492
usemtl 
s off
f 393//256 394//256 395//256 396//256
f 398//257 393//257 396//257 397//257
f 397//258 399//258 400//258 398//258
f 394//259 400//259 399//259 395//259
f 394//260 393//260 398//260 400//260
f 399//261 397//261 396//261 395//261
o Mesh.016_Cube.024
v -31.419802 -1342.195190 146.795685
v -46.573143 -1322.812378 146.795685
v -46.573143 -1322.812378 147.554031
v -31.419802 -1342.195190 147.554047
v -41.058544 -1349.730713 147.554047
v -41.058544 -1349.730713 146.795685
v -56.211887 -1330.347778 147.554031
v -56.211887 -1330.347778 146.795685
vn 0.787817 0.615910 0.000000
vn 0.615911 -0.787816 0.000000
vn -0.615905 0.787821 0.000000
usemtl 
s off
f 401//262 402//262 403//262 404//262
f 406//263 401//263 404//263 405//263
f 405//95 407//95 408//95 406//95
f 402//264 408//264 407//264 403//264
f 402//67 401//67 406//67 408//67
f 407//74 405//74 404//74 403//74
o Mesh.015_Cube.023
v -34.739441 -1341.562256 147.506760
v -39.533600 -1335.429932 147.506760
v -39.533600 -1335.429932 155.290634
v -34.739441 -1341.562256 155.290634
v -40.871719 -1346.356445 155.290634
v -40.871719 -1346.356445 147.506760
v -45.665878 -1340.224121 155.290634
v -45.665878 -1340.224121 147.506760
v -34.739441 -1341.562256 155.748489
v -40.871719 -1346.356445 155.748489
v -47.156258 -1340.041626 155.678375
v -39.351078 -1333.939575 155.678375
v -39.533600 -1335.429932 155.748489
v -45.665878 -1340.224121 155.748489
v -47.156258 -1340.041626 156.227798
v -39.351078 -1333.939575 156.227798
v -33.249062 -1341.744751 155.678375
v -41.054241 -1347.846802 155.678375
v -41.054241 -1347.846802 156.227798
v -33.249062 -1341.744751 156.227798
vn -0.615911 0.787816 0.000000
vn 0.040586 -0.051913 -0.997827
vn -0.051913 -0.040585 -0.997827
vn -0.040586 0.051913 -0.997827
vn 0.051913 0.040585 -0.997827
vn 0.787818 0.615909 0.000000
vn -0.787818 -0.615909 0.000000
usemtl 
s off
f 409//170 410//170 411//170 412//170
f 414//263 409//263 412//263 413//263
f 413//218 415//218 416//218 414//218
f 410//265 416//265 415//265 411//265
f 410//67 409//67 414//67 416//67
f 417//263 418//263 413//263 412//263
f 419//266 420//266 421//266 422//266
f 422//265 421//265 411//265 415//265
f 418//218 422//218 415//218 413//218
f 421//170 417//170 412//170 411//170
f 423//265 424//265 420//265 419//265
f 420//267 425//267 417//267 421//267
f 425//268 426//268 418//268 417//268
f 426//269 419//269 422//269 418//269
f 423//74 427//74 428//74 424//74
f 424//270 428//270 425//270 420//270
f 428//263 427//263 426//263 425//263
f 427//271 423//271 419//271 426//271
o Mesh.014_Cube.012_Cube.013
v -21.672709 -1334.863037 146.732239
v -21.364607 -1334.649536 146.732239
v -21.773857 -1334.058960 147.991791
v -22.081959 -1334.272461 147.991791
v -37.303604 -1312.309082 132.749176
v -36.894363 -1312.899658 131.489639
v -36.995506 -1312.095581 132.749176
v -36.586262 -1312.686035 131.489639
vn 0.494733 -0.713946 0.495501
vn -0.821916 -0.569609 0.000025
vn -0.494838 0.713889 -0.495477
vn 0.821909 0.569618 -0.000003
vn 0.282257 -0.407208 -0.868627
vn -0.282204 0.407246 0.868626
usemtl 
s off
f 429//272 430//272 431//272 432//272
f 434//273 429//273 432//273 433//273
f 433//274 435//274 436//274 434//274
f 430//275 436//275 435//275 431//275
f 430//276 429//276 434//276 436//276
f 435//277 433//277 432//277 431//277
o Mesh.013_Cube.022_Cube
v -41.857422 -1332.457520 147.506760
v -46.651581 -1326.325195 147.506760
v -46.651581 -1326.325195 155.290634
v -41.857422 -1332.457520 155.290634
v -47.989700 -1337.251709 155.290634
v -47.989700 -1337.251709 147.506760
v -52.783859 -1331.119385 155.290634
v -52.783859 -1331.119385 147.506760
v -41.857422 -1332.457520 155.748489
v -47.989700 -1337.251709 155.748489
v -54.274239 -1330.936890 155.678360
v -46.469059 -1324.834839 155.678360
v -46.651581 -1326.325195 155.748489
v -52.783859 -1331.119385 155.748489
v -54.274239 -1330.936890 156.227798
v -46.469059 -1324.834839 156.227798
v -40.367043 -1332.640015 155.678375
v -48.172222 -1338.742065 155.678375
v -48.172222 -1338.742065 156.227798
v -40.367043 -1332.640015 156.227798
vn 0.040594 -0.051925 -0.997826
vn -0.051918 -0.040590 -0.997826
vn 0.051919 0.040588 -0.997826
usemtl 
s off
f 437//170 438//170 439//170 440//170
f 442//263 437//263 440//263 441//263
f 441//218 443//218 444//218 442//218
f 438//265 444//265 443//265 439//265
f 438//67 437//67 442//67 444//67
f 445//263 446//263 441//263 440//263
f 447//278 448//278 449//278 450//278
f 450//265 449//265 439//265 443//265
f 446//218 450//218 443//218 441//218
f 449//170 445//170 440//170 439//170
f 451//265 452//265 448//265 447//265
f 448//279 453//279 445//279 449//279
f 453//268 454//268 446//268 445//268
f 454//280 447//280 450//280 446//280
f 451//74 455//74 456//74 452//74
f 452//270 456//270 453//270 448//270
f 456//263 455//263 454//263 453//263
f 455//271 451//271 447//271 454//271
o Mesh.012_Cube.011_Cube.012
v -41.920853 -1350.212646 146.732239
v -41.707325 -1350.520752 146.732239
v -41.116821 -1350.111572 147.991791
v -41.330345 -1349.803467 147.991791
v -19.366947 -1334.581787 132.749191
v -19.957458 -1334.990967 131.489639
v -19.153416 -1334.889893 132.749191
v -19.743927 -1335.299072 131.489639
vn -0.713946 -0.494784 0.495450
vn -0.569605 0.821919 0.000035
vn 0.713938 0.494792 -0.495452
vn 0.569605 -0.821919 -0.000035
vn -0.407230 -0.282227 -0.868626
vn 0.407231 0.282225 0.868627
usemtl 
s off
