# Rhino

v 13.75598812103272 5.093972206115723 0.09892299771308899
v 13.75598812103272 5.093972206115723 0.09892299771308899
v 13.75598812103272 5.093972206115723 0.09892299771308899
v 13.75598812103272 4.906029224395752 0.09892299771308899
v 13.75598812103272 4.906029224395752 0.09892299771308899
v 13.75598812103272 4.906029224395752 0.09892299771308899
v 13.15835475921631 5.093972206115723 1.104467034339905
v 13.15835475921631 5.093972206115723 1.104467034339905
v 13.15835475921631 4.906029224395752 1.104467034339905
v 13.15835475921631 4.906029224395752 1.104467034339905
v 13.10841274261475 7.510753154754639 0.09892299771308899
v 13.10841274261475 7.510753154754639 0.09892299771308899
v 13.10841274261475 7.510753154754639 0.09892299771308899
v 13.10841274261475 2.48924708366394 0.09892299771308899
v 13.10841274261475 2.48924708366394 0.09892299771308899
v 13.10841274261475 2.48924708366394 0.09892299771308899
v 13.01444053649902 7.673515796661377 0.09892299771308899
v 13.01444053649902 7.673515796661377 0.09892299771308899
v 13.01444053649902 7.673515796661377 0.09892299771308899
v 13.01444053649902 2.326483964920044 0.09892299771308899
v 13.01444053649902 2.326483964920044 0.09892299771308899
v 13.01444053649902 2.326483964920044 0.09892299771308899
v 13.00541591644287 5 1.617954015731812
v 13.00541591644287 5 1.617954015731812
v 13.00541591644287 5 0.08589600026607513
v 13.00541591644287 5 0.08589600026607513
v 13.00088405609131 5.093972206115723 1.104467034339905
v 13.00088405609131 5.093972206115723 1.104467034339905
v 13.00088405609131 5.093972206115723 1.104467034339905
v 13.00088405609131 5.093972206115723 0.09892299771308899
v 13.00088405609131 5.093972206115723 0.09892299771308899
v 13.00088405609131 5.093972206115723 0.09892299771308899
v 13.00088405609131 4.906029224395752 1.104467034339905
v 13.00088405609131 4.906029224395752 1.104467034339905
v 13.00088405609131 4.906029224395752 1.104467034339905
v 13.00088405609131 4.906029224395752 0.09892299771308899
v 13.00088405609131 4.906029224395752 0.09892299771308899
v 13.00088405609131 4.906029224395752 0.09892299771308899
v 12.59085845947266 7.211936950683594 1.104467034339905
v 12.59085845947266 7.211936950683594 1.104467034339905
v 12.59085845947266 2.788063049316406 1.104467034339905
v 12.59085845947266 2.788063049316406 1.104467034339905
v 12.4968786239624 7.37470006942749 1.104467034339905
v 12.4968786239624 7.37470006942749 1.104467034339905
v 12.4968786239624 2.625298976898193 1.104467034339905
v 12.4968786239624 2.625298976898193 1.104467034339905
v 12.45448207855225 7.133204936981201 1.104467034339905
v 12.45448207855225 7.133204936981201 1.104467034339905
v 12.45448207855225 7.133204936981201 1.104467034339905
v 12.45448207855225 7.133204936981201 0.09892299771308899
v 12.45448207855225 7.133204936981201 0.09892299771308899
v 12.45448207855225 7.133204936981201 0.09892299771308899
v 12.45448207855225 2.866795063018799 1.104467034339905
v 12.45448207855225 2.866795063018799 1.104467034339905
v 12.45448207855225 2.866795063018799 1.104467034339905
v 12.45448207855225 2.866795063018799 0.09892299771308899
v 12.45448207855225 2.866795063018799 0.09892299771308899
v 12.45448207855225 2.866795063018799 0.09892299771308899
v 12.41141414642334 7.216845035552979 1.617954015731812
v 12.41141414642334 7.216845035552979 1.617954015731812
v 12.41141414642334 7.216845035552979 0.08589600026607513
v 12.41141414642334 7.216845035552979 0.08589600026607513
v 12.41141414642334 2.783154964447022 1.617954015731812
v 12.41141414642334 2.783154964447022 1.617954015731812
v 12.41141414642334 2.783154964447022 0.08589600026607513
v 12.41141414642334 2.783154964447022 0.08589600026607513
v 12.36050319671631 7.295968055725098 1.104467034339905
v 12.36050319671631 7.295968055725098 1.104467034339905
v 12.36050319671631 7.295968055725098 1.104467034339905
v 12.36050319671631 7.295968055725098 0.09892299771308899
v 12.36050319671631 7.295968055725098 0.09892299771308899
v 12.36050319671631 7.295968055725098 0.09892299771308899
v 12.36050319671631 2.704031944274902 1.104467034339905
v 12.36050319671631 2.704031944274902 1.104467034339905
v 12.36050319671631 2.704031944274902 1.104467034339905
v 12.36050319671631 2.704031944274902 0.09892299771308899
v 12.36050319671631 2.704031944274902 0.09892299771308899
v 12.36050319671631 2.704031944274902 0.09892299771308899
v 11.24523067474365 9.442722320556641 0.09892299771308899
v 11.24523067474365 9.442722320556641 0.09892299771308899
v 11.24523067474365 9.442722320556641 0.09892299771308899
v 11.24523067474365 0.5572770237922669 0.09892299771308899
v 11.24523067474365 0.5572770237922669 0.09892299771308899
v 11.24523067474365 0.5572770237922669 0.09892299771308899
v 11.08246517181397 9.536693572998047 0.09892299771308899
v 11.08246517181397 9.536693572998047 0.09892299771308899
v 11.08246517181397 9.536693572998047 0.09892299771308899
v 11.08246517181397 0.4633049964904785 0.09892299771308899
v 11.08246517181397 0.4633049964904785 0.09892299771308899
v 11.08246517181397 0.4633049964904785 0.09892299771308899
v 10.94642543792725 8.925159454345703 1.104467034339905
v 10.94642543792725 8.925159454345703 1.104467034339905
v 10.94642543792725 1.074841022491455 1.104467034339905
v 10.94642543792725 1.074841022491455 1.104467034339905
v 10.86769008636475 8.788789749145508 1.104467034339905
v 10.86769008636475 8.788789749145508 1.104467034339905
v 10.86769008636475 8.788789749145508 1.104467034339905
v 10.86769008636475 8.788789749145508 0.09892299771308899
v 10.86769008636475 8.788789749145508 0.09892299771308899
v 10.86769008636475 8.788789749145508 0.09892299771308899
v 10.86769008636475 1.211209058761597 1.104467034339905
v 10.86769008636475 1.211209058761597 1.104467034339905
v 10.86769008636475 1.211209058761597 1.104467034339905
v 10.86769008636475 1.211209058761597 0.09892299771308899
v 10.86769008636475 1.211209058761597 0.09892299771308899
v 10.86769008636475 1.211209058761597 0.09892299771308899
v 10.78856563568115 8.839687347412109 1.617954015731812
v 10.78856563568115 8.839687347412109 1.617954015731812
v 10.78856563568115 8.839687347412109 0.08589600026607513
v 10.78856563568115 8.839687347412109 0.08589600026607513
v 10.78856563568115 1.160312056541443 1.617954015731812
v 10.78856563568115 1.160312056541443 1.617954015731812
v 10.78856563568115 1.160312056541443 0.08589600026607513
v 10.78856563568115 1.160312056541443 0.08589600026607513
v 10.78365230560303 9.019130706787109 1.104467034339905
v 10.78365230560303 9.019130706787109 1.104467034339905
v 10.78365230560303 0.9808700084686279 1.104467034339905
v 10.78365230560303 0.9808700084686279 1.104467034339905
v 10.70493221282959 8.882761955261231 1.104467034339905
v 10.70493221282959 8.882761955261231 1.104467034339905
v 10.70493221282959 8.882761955261231 1.104467034339905
v 10.70493221282959 8.882761955261231 0.09892299771308899
v 10.70493221282959 8.882761955261231 0.09892299771308899
v 10.70493221282959 8.882761955261231 0.09892299771308899
v 10.70493221282959 1.11723804473877 1.104467034339905
v 10.70493221282959 1.11723804473877 1.104467034339905
v 10.70493221282959 1.11723804473877 1.104467034339905
v 10.70493221282959 1.11723804473877 0.09892299771308899
v 10.70493221282959 1.11723804473877 0.09892299771308899
v 10.70493221282959 1.11723804473877 0.09892299771308899
v 8.665694236755371 10.18426990509033 0.09892299771308899
v 8.665694236755371 10.18426990509033 0.09892299771308899
v 8.665694236755371 10.18426990509033 0.09892299771308899
v 8.665694236755371 9.586636543273926 1.104467034339905
v 8.665694236755371 9.586636543273926 1.104467034339905
v 8.665694236755371 9.429173469543457 1.104467034339905
v 8.665694236755371 9.429173469543457 1.104467034339905
v 8.665694236755371 9.429173469543457 1.104467034339905
v 8.665694236755371 9.429173469543457 0.09892299771308899
v 8.665694236755371 9.429173469543457 0.09892299771308899
v 8.665694236755371 9.429173469543457 0.09892299771308899
v 8.665694236755371 0.5708270072937012 1.104467034339905
v 8.665694236755371 0.5708270072937012 1.104467034339905
v 8.665694236755371 0.5708270072937012 1.104467034339905
v 8.665694236755371 0.5708270072937012 0.09892299771308899
v 8.665694236755371 0.5708270072937012 0.09892299771308899
v 8.665694236755371 0.5708270072937012 0.09892299771308899
v 8.665694236755371 0.4133619964122772 1.104467034339905
v 8.665694236755371 0.4133619964122772 1.104467034339905
v 8.665694236755371 -0.1842689961194992 0.09892299771308899
v 8.665694236755371 -0.1842689961194992 0.09892299771308899
v 8.665694236755371 -0.1842689961194992 0.09892299771308899
v 8.571722984313965 9.433689117431641 1.617954015731812
v 8.571722984313965 9.433689117431641 1.617954015731812
v 8.571722984313965 9.433689117431641 0.08589600026607513
v 8.571722984313965 9.433689117431641 0.08589600026607513
v 8.571722984313965 0.5663099884986877 1.617954015731812
v 8.571722984313965 0.5663099884986877 1.617954015731812
v 8.571722984313965 0.5663099884986877 0.08589600026607513
v 8.571722984313965 0.5663099884986877 0.08589600026607513
v 8.477744102478027 10.18426990509033 0.09892299771308899
v 8.477744102478027 10.18426990509033 0.09892299771308899
v 8.477744102478027 10.18426990509033 0.09892299771308899
v 8.477744102478027 9.586636543273926 1.104467034339905
v 8.477744102478027 9.586636543273926 1.104467034339905
v 8.477744102478027 9.429173469543457 1.104467034339905
v 8.477744102478027 9.429173469543457 1.104467034339905
v 8.477744102478027 9.429173469543457 1.104467034339905
v 8.477744102478027 9.429173469543457 0.09892299771308899
v 8.477744102478027 9.429173469543457 0.09892299771308899
v 8.477744102478027 9.429173469543457 0.09892299771308899
v 8.477744102478027 0.5708270072937012 1.104467034339905
v 8.477744102478027 0.5708270072937012 1.104467034339905
v 8.477744102478027 0.5708270072937012 1.104467034339905
v 8.477744102478027 0.5708270072937012 0.09892299771308899
v 8.477744102478027 0.5708270072937012 0.09892299771308899
v 8.477744102478027 0.5708270072937012 0.09892299771308899
v 8.477744102478027 0.4133619964122772 1.104467034339905
v 8.477744102478027 0.4133619964122772 1.104467034339905
v 8.477744102478027 -0.1842689961194992 0.09892299771308899
v 8.477744102478027 -0.1842689961194992 0.09892299771308899
v 8.477744102478027 -0.1842689961194992 0.09892299771308899
v 6.438514232635498 8.882761955261231 1.104467034339905
v 6.438514232635498 8.882761955261231 1.104467034339905
v 6.438514232635498 8.882761955261231 1.104467034339905
v 6.438514232635498 8.882761955261231 0.09892299771308899
v 6.438514232635498 8.882761955261231 0.09892299771308899
v 6.438514232635498 8.882761955261231 0.09892299771308899
v 6.438514232635498 1.11723804473877 1.104467034339905
v 6.438514232635498 1.11723804473877 1.104467034339905
v 6.438514232635498 1.11723804473877 1.104467034339905
v 6.438514232635498 1.11723804473877 0.09892299771308899
v 6.438514232635498 1.11723804473877 0.09892299771308899
v 6.438514232635498 1.11723804473877 0.09892299771308899
v 6.359777927398682 9.019130706787109 1.104467034339905
v 6.359777927398682 9.019130706787109 1.104467034339905
v 6.359777927398682 0.9808700084686279 1.104467034339905
v 6.359777927398682 0.9808700084686279 1.104467034339905
v 6.354873180389404 8.839687347412109 1.617954015731812
v 6.354873180389404 8.839687347412109 1.617954015731812
v 6.354873180389404 8.839687347412109 0.08589600026607513
v 6.354873180389404 8.839687347412109 0.08589600026607513
v 6.354873180389404 1.160312056541443 1.617954015731812
v 6.354873180389404 1.160312056541443 1.617954015731812
v 6.354873180389404 1.160312056541443 0.08589600026607513
v 6.354873180389404 1.160312056541443 0.08589600026607513
v 6.275747776031494 8.788789749145508 1.104467034339905
v 6.275747776031494 8.788789749145508 1.104467034339905
v 6.275747776031494 8.788789749145508 1.104467034339905
v 6.275747776031494 8.788789749145508 0.09892299771308899
v 6.275747776031494 8.788789749145508 0.09892299771308899
v 6.275747776031494 8.788789749145508 0.09892299771308899
v 6.275747776031494 1.211209058761597 1.104467034339905
v 6.275747776031494 1.211209058761597 1.104467034339905
v 6.275747776031494 1.211209058761597 1.104467034339905
v 6.275747776031494 1.211209058761597 0.09892299771308899
v 6.275747776031494 1.211209058761597 0.09892299771308899
v 6.275747776031494 1.211209058761597 0.09892299771308899
v 6.197012901306152 8.925159454345703 1.104467034339905
v 6.197012901306152 8.925159454345703 1.104467034339905
v 6.197012901306152 1.074841022491455 1.104467034339905
v 6.197012901306152 1.074841022491455 1.104467034339905
v 6.060973167419434 9.536693572998047 0.09892299771308899
v 6.060973167419434 9.536693572998047 0.09892299771308899
v 6.060973167419434 9.536693572998047 0.09892299771308899
v 6.060973167419434 0.4633049964904785 0.09892299771308899
v 6.060973167419434 0.4633049964904785 0.09892299771308899
v 6.060973167419434 0.4633049964904785 0.09892299771308899
v 5.898200035095215 9.442722320556641 0.09892299771308899
v 5.898200035095215 9.442722320556641 0.09892299771308899
v 5.898200035095215 9.442722320556641 0.09892299771308899
v 5.898200035095215 0.5572770237922669 0.09892299771308899
v 5.898200035095215 0.5572770237922669 0.09892299771308899
v 5.898200035095215 0.5572770237922669 0.09892299771308899
v 4.782919883728027 7.295968055725098 1.104467034339905
v 4.782919883728027 7.295968055725098 1.104467034339905
v 4.782919883728027 7.295968055725098 1.104467034339905
v 4.782919883728027 7.295968055725098 0.09892299771308899
v 4.782919883728027 7.295968055725098 0.09892299771308899
v 4.782919883728027 7.295968055725098 0.09892299771308899
v 4.782919883728027 2.704031944274902 1.104467034339905
v 4.782919883728027 2.704031944274902 1.104467034339905
v 4.782919883728027 2.704031944274902 1.104467034339905
v 4.782919883728027 2.704031944274902 0.09892299771308899
v 4.782919883728027 2.704031944274902 0.09892299771308899
v 4.782919883728027 2.704031944274902 0.09892299771308899
v 4.73203182220459 7.216845035552979 1.617954015731812
v 4.73203182220459 7.216845035552979 1.617954015731812
v 4.73203182220459 7.216845035552979 0.08589600026607513
v 4.73203182220459 7.216845035552979 0.08589600026607513
v 4.73203182220459 2.783154964447022 1.617954015731812
v 4.73203182220459 2.783154964447022 1.617954015731812
v 4.73203182220459 2.783154964447022 0.08589600026607513
v 4.73203182220459 2.783154964447022 0.08589600026607513
v 4.688963890075684 7.133204936981201 1.104467034339905
v 4.688963890075684 7.133204936981201 1.104467034339905
v 4.688963890075684 7.133204936981201 1.104467034339905
v 4.688963890075684 7.133204936981201 0.09892299771308899
v 4.688963890075684 7.133204936981201 0.09892299771308899
v 4.688963890075684 7.133204936981201 0.09892299771308899
v 4.688963890075684 2.866795063018799 1.104467034339905
v 4.688963890075684 2.866795063018799 1.104467034339905
v 4.688963890075684 2.866795063018799 1.104467034339905
v 4.688963890075684 2.866795063018799 0.09892299771308899
v 4.688963890075684 2.866795063018799 0.09892299771308899
v 4.688963890075684 2.866795063018799 0.09892299771308899
v 4.646560192108154 7.37470006942749 1.104467034339905
v 4.646560192108154 7.37470006942749 1.104467034339905
v 4.646560192108154 2.625298976898193 1.104467034339905
v 4.646560192108154 2.625298976898193 1.104467034339905
v 4.552587985992432 7.211936950683594 1.104467034339905
v 4.552587985992432 7.211936950683594 1.104467034339905
v 4.552587985992432 2.788063049316406 1.104467034339905
v 4.552587985992432 2.788063049316406 1.104467034339905
v 4.142539024353027 5.093972206115723 1.104467034339905
v 4.142539024353027 5.093972206115723 1.104467034339905
v 4.142539024353027 5.093972206115723 1.104467034339905
v 4.142539024353027 5.093972206115723 0.09892299771308899
v 4.142539024353027 5.093972206115723 0.09892299771308899
v 4.142539024353027 5.093972206115723 0.09892299771308899
v 4.142539024353027 4.906029224395752 1.104467034339905
v 4.142539024353027 4.906029224395752 1.104467034339905
v 4.142539024353027 4.906029224395752 1.104467034339905
v 4.142539024353027 4.906029224395752 0.09892299771308899
v 4.142539024353027 4.906029224395752 0.09892299771308899
v 4.142539024353027 4.906029224395752 0.09892299771308899
v 4.138030052185059 5 1.617954015731812
v 4.138030052185059 5 1.617954015731812
v 4.138030052185059 5 0.08589600026607513
v 4.138030052185059 5 0.08589600026607513
v 4.128996849060059 7.673515796661377 0.09892299771308899
v 4.128996849060059 7.673515796661377 0.09892299771308899
v 4.128996849060059 7.673515796661377 0.09892299771308899
v 4.128996849060059 2.326483964920044 0.09892299771308899
v 4.128996849060059 2.326483964920044 0.09892299771308899
v 4.128996849060059 2.326483964920044 0.09892299771308899
v 4.035026073455811 7.510754108428955 0.09892299771308899
v 4.035026073455811 7.510754108428955 0.09892299771308899
v 4.035026073455811 7.510754108428955 0.09892299771308899
v 4.035026073455811 2.48924708366394 0.09892299771308899
v 4.035026073455811 2.48924708366394 0.09892299771308899
v 4.035026073455811 2.48924708366394 0.09892299771308899
v 3.985084056854248 5.093972206115723 1.104467034339905
v 3.985084056854248 5.093972206115723 1.104467034339905
v 3.985084056854248 4.906029224395752 1.104467034339905
v 3.985084056854248 4.906029224395752 1.104467034339905
v 3.387449979782105 5.093972206115723 0.09892299771308899
v 3.387449979782105 5.093972206115723 0.09892299771308899
v 3.387449979782105 5.093972206115723 0.09892299771308899
v 3.387449979782105 4.906029224395752 0.09892299771308899
v 3.387449979782105 4.906029224395752 0.09892299771308899
v 3.387449979782105 4.906029224395752 0.09892299771308899
vn 0.8596327900886536 0 0.5109124183654785
vn 0 1 0
vn 0 0 -1
vn 0.8596327900886536 0 0.5109124183654785
vn 0 0 -1
vn 0 -1 0
vn 0.6478046774864197 0 0.7618064880371094
vn 0 1 0
vn 0.3239023387432098 0 0.9460905194282532
vn 0 -1 0
vn 0.7444574236869812 0.4298321008682251 0.5109084844589233
vn 0.5000007748603821 -0.8660249710083008 -4.200000148557592e-06
vn 0 0 -1
vn 0.7444653511047363 -0.4298206567764282 0.5109065771102905
vn 0.4999891221523285 0.8660317063331604 -1.006999991659541e-05
vn 0 0 -1
vn 0.7444633841514587 0.4298195242881775 0.5109103918075562
vn 0 0 -1
vn -0.4999871253967285 0.8660328388214111 8.330000127898529e-06
vn 0.7444580793380737 -0.4298311471939087 0.5109083652496338
vn 0 0 -1
vn -0.4999967515468597 -0.866027295589447 2.609999910418992e-06
vn 0.9960349798202515 -0.08896227926015854 0
vn 0 0 1
vn 0.9960349798202515 0.08896227926015854 0
vn 0 0 -1
vn 0 1 0
vn 0 0 1
vn -1 0 0
vn 0 1 0
vn 0 0 -1
vn -1 0 0
vn 0 0 1
vn 0 -1 0
vn -1 0 0
vn 0 0 -1
vn 0 -1 0
vn -1 0 0
vn 0.4999891221523285 -0.8660317063331604 -2.100000074278796e-06
vn 0.2805034816265106 0.16196209192276 0.9460898637771606
vn 0.5610116720199585 -0.3239138424396515 0.7618042826652527
vn 0.4999775290489197 0.8660383820533752 -2.015000063693151e-05
vn 0.5610111355781555 0.3239145278930664 0.7618043422698975
vn -0.4999775290489197 0.8660383820533752 1.666999924054835e-05
vn 0.2805029451847076 -0.1619607955217362 0.9460902810096741
vn -0.4999895095825195 -0.8660314679145813 1.31000001601933e-06
vn 0.4999775290489197 -0.8660383820533752 0
vn 0 0 1
vn -0.8660075664520264 -0.5000308752059937 0
vn 0.4999891221523285 -0.8660317063331604 -2.100000074278796e-06
vn 0 0 -1
vn -0.8660075664520264 -0.5000308752059937 0
vn 0.4999891221523285 0.8660317063331604 -1.006999991659541e-05
vn 0 0 1
vn -0.8660075664520264 0.5000308752059937 0
vn 0.5000007748603821 0.8660249710083008 0
vn 0 0 -1
vn -0.8660075664520264 0.5000308752059937 0
vn 0.9070724844932556 0.4209745228290558 0
vn 0 0 1
vn 0.8181097507476807 0.575062096118927 0
vn 0 0 -1
vn 0.8181098699569702 -0.5750619769096375 0
vn 0 0 1
vn 0.9070724844932556 -0.4209744334220886 0
vn 0 0 -1
vn 0 0 1
vn -0.4999871253967285 0.8660328388214111 8.330000127898529e-06
vn -0.8660075664520264 -0.5000308752059937 0
vn 0 0 -1
vn -0.4999967515468597 0.866027295589447 0
vn -0.8660075664520264 -0.5000308752059937 0
vn 0 0 1
vn -0.4999822676181793 -0.8660356402397156 0
vn -0.8660075664520264 0.5000308752059937 0
vn 0 0 -1
vn -0.4999895095825195 -0.8660314679145813 1.31000001601933e-06
vn -0.8660075664520264 0.5000308752059937 0
vn 0.8660293221473694 -0.499993234872818 -3.220000053261174e-06
vn 0.4298070967197418 0.7444716095924377 0.5109089016914368
vn 0 0 -1
vn 0.8660233616828919 0.5000035166740418 -8.920000254875049e-06
vn 0.4298141896724701 -0.7444678544998169 0.5109083652496338
vn 0 0 -1
vn 0.4298136830329895 0.74446702003479 0.5109100341796875
vn 0 0 -1
vn -0.8660470843315125 0.4999624490737915 -1.979999979084823e-05
vn 0.4298051297664642 -0.7444721460342407 0.5109097361564636
vn 0 0 -1
vn -0.866034209728241 -0.4999847114086151 -7.659999937459361e-06
vn 0.8660241961479187 -0.5000021457672119 -1.610000026630587e-06
vn 0.1619453877210617 0.2805126905441284 0.946090042591095
vn 0.8660174012184143 0.5000138282775879 -1.78400005097501e-05
vn 0.3238941133022308 -0.5610220432281494 0.76180499792099
vn 0.8660190105438232 -0.5000110864639282 0
vn 0 0 1
vn -0.5000144839286804 -0.8660170435905457 0
vn 0.8660241961479187 -0.5000021457672119 -1.610000026630587e-06
vn 0 0 -1
vn -0.5000144839286804 -0.8660170435905457 0
vn 0.8660233616828919 0.5000035166740418 -8.920000254875049e-06
vn 0 0 1
vn -0.5000104904174805 0.8660193681716919 0
vn 0.8660293221473694 0.499993234872818 0
vn 0 0 -1
vn -0.5000104904174805 0.8660193681716919 0
vn 0.5750601291656494 0.8181111216545105 0
vn 0 0 1
vn 0.4209735691547394 0.907072901725769 0
vn 0 0 -1
vn 0.4209736585617065 -0.9070728421211243 0
vn 0 0 1
vn 0.5750603079795837 -0.818111002445221 0
vn 0 0 -1
vn 0.323895663022995 0.5610217452049255 0.7618045806884766
vn -0.8660602569580078 0.4999396204948425 -3.959999958169647e-05
vn 0.1619435846805573 -0.2805125117301941 0.9460904002189636
vn -0.8660464882850647 -0.4999635219573975 -3.82999996872968e-06
vn 0 0 1
vn -0.5000144839286804 -0.8660170435905457 0
vn -0.8660470843315125 0.4999624490737915 -1.979999979084823e-05
vn 0 0 -1
vn -0.5000144839286804 -0.8660170435905457 0
vn -0.8660339117050171 0.4999852776527405 0
vn 0 0 1
vn -0.5000104904174805 0.8660193681716919 0
vn -0.8660587072372437 -0.4999423623085022 0
vn 0 0 -1
vn -0.5000104904174805 0.8660193681716919 0
vn -0.8660464882850647 -0.4999635219573975 -3.82999996872968e-06
vn 1 0 0
vn 0 0.8596327900886536 0.5109124183654785
vn 0 0 -1
vn 1 0 0
vn 0 0.3239023387432098 0.9460905194282532
vn 1 0 0
vn 0 0 1
vn 0 -1 0
vn 1 0 0
vn 0 0 -1
vn 0 -1 0
vn 1 0 0
vn 0 1 0
vn 0 0 1
vn 1 0 0
vn 0 1 0
vn 0 0 -1
vn 1 0 0
vn 0 -0.6478055119514465 0.7618057727813721
vn 1 0 0
vn 0 0 -1
vn 0 -0.8596335053443909 0.5109111666679382
vn 0.088962621986866 0.9960349798202515 0
vn 0 0 1
vn 0 0 -1
vn -0.08896183222532272 0.9960350394248962 0
vn 0 0 1
vn -0.08896183222532272 -0.9960350394248962 0
vn 0.088962621986866 -0.9960349798202515 0
vn 0 0 -1
vn 0 0.8596327900886536 0.5109124183654785
vn 0 0 -1
vn -1 0 0
vn 0 0.6478046774864197 0.7618064880371094
vn -1 0 0
vn 0 0 1
vn 0 -1 0
vn -1 0 0
vn 0 0 -1
vn 0 -1 0
vn -1 0 0
vn 0 1 0
vn 0 0 1
vn -1 0 0
vn 0 1 0
vn 0 0 -1
vn -1 0 0
vn 0 -0.3239027261734009 0.9460904002189636
vn -1 0 0
vn 0 0 -1
vn 0 -0.8596335053443909 0.5109111666679382
vn -1 0 0
vn 0.8660162687301636 0.5000157952308655 0
vn 0.4999960362911224 -0.8660277128219605 0
vn 0 0 1
vn 0.8660227656364441 0.5000045299530029 2.04000002668181e-06
vn 0.4999960362911224 -0.8660277128219605 0
vn 0 0 -1
vn 0.8660221695899963 -0.5000056028366089 1.123000038205646e-05
vn 0.4999920427799225 0.8660299777984619 0
vn 0 0 1
vn 0.8660296201705933 -0.4999926686286926 0
vn 0.4999920427799225 0.8660299777984619 0
vn 0 0 -1
vn 0.8660227656364441 0.5000045299530029 2.04000002668181e-06
vn -0.161951407790184 0.2805093228816986 0.9460899829864502
vn 0.8660146594047546 -0.5000185966491699 2.246999974886421e-05
vn -0.3238948881626129 -0.5610216856002808 0.7618049383163452
vn 0 0 1
vn -0.4209737181663513 0.9070728421211243 0
vn 0 0 -1
vn -0.5750611424446106 0.818110466003418 0
vn 0 0 1
vn -0.5750612616539002 -0.8181103467941284 0
vn 0 0 -1
vn -0.4209738075733185 -0.9070727825164795 0
vn 0.4999960362911224 -0.8660277128219605 0
vn 0 0 1
vn -0.8660221695899963 -0.5000056028366089 -4.710000212071464e-06
vn 0.4999960362911224 -0.8660277128219605 0
vn 0 0 -1
vn -0.8660253286361694 -0.5000001788139343 0
vn 0.4999920427799225 0.8660299777984619 0
vn 0 0 1
vn -0.8660174012184143 0.5000138282775879 0
vn 0.4999920427799225 0.8660299777984619 0
vn 0 0 -1
vn -0.8660213947296143 0.5000069737434387 -1.229999952556682e-06
vn -0.3238964378833771 0.5610213875770569 0.7618045210838318
vn -0.8660190105438232 -0.5000110864639282 -9.43000031838892e-06
vn -0.161949634552002 -0.2805092334747315 0.9460903406143189
vn -0.8660213947296143 0.5000069737434387 -1.229999952556682e-06
vn 0.8660293221473694 0.499993234872818 4.080000053363619e-06
vn 0 0 -1
vn -0.4298081398010254 0.7444711327552795 0.5109087228775024
vn 0.8660221695899963 -0.5000056028366089 1.123000038205646e-05
vn 0 0 -1
vn -0.4298002421855927 -0.744475781917572 0.5109086036682129
vn 0 0 -1
vn -0.4297998249530792 0.7444750070571899 0.5109100341796875
vn -0.8660221695899963 -0.5000056028366089 -4.710000212071464e-06
vn 0 0 -1
vn -0.4298061728477478 -0.7444716691970825 0.5109095573425293
vn -0.8660253286361694 0.5000001788139343 -2.459999905113364e-06
vn 0.8660605549812317 -0.4999390840530396 0
vn 0.5000215172767639 0.8660129904747009 0
vn 0 0 1
vn 0.8660605549812317 -0.4999390840530396 0
vn 0.5000134110450745 0.8660176396369934 -1.460000021324959e-06
vn 0 0 -1
vn 0.8660605549812317 0.4999390840530396 0
vn 0.5000157952308655 -0.8660162687301636 -9.080000381800346e-06
vn 0 0 1
vn 0.8660605549812317 0.4999390840530396 0
vn 0.5000053644180298 -0.8660222887992859 0
vn 0 0 -1
vn 0 0 1
vn -0.8181105852127075 0.5750609040260315 0
vn 0 0 -1
vn -0.9070727825164795 0.4209738671779633 0
vn 0 0 1
vn -0.9070727825164795 -0.4209737777709961 0
vn 0 0 -1
vn -0.8181107044219971 -0.5750607252120972 0
vn 0.8660605549812317 -0.4999390840530396 0
vn 0 0 1
vn -0.4999876320362091 -0.8660325407981873 -8.770000022195745e-06
vn 0.8660605549812317 -0.4999390840530396 0
vn 0 0 -1
vn -0.4999977350234985 -0.8660266995429993 0
vn 0.8660605549812317 0.4999390840530396 0
vn 0 0 1
vn -0.4999775290489197 0.8660383820533752 0
vn 0.8660605549812317 0.4999390840530396 0
vn 0 0 -1
vn -0.4999871253967285 0.8660328388214111 -1.740000016070553e-06
vn 0.5000134110450745 0.8660176396369934 -1.460000021324959e-06
vn -0.280507504940033 0.1619523614645004 0.9460903406143189
vn 0.500026285648346 -0.8660102486610413 -1.814999995986e-05
vn -0.5610164403915405 -0.323902815580368 0.7618054747581482
vn -0.4999775290489197 -0.8660383820533752 -1.75299992406508e-05
vn -0.5610153675079346 0.3239041864871979 0.7618055939674377
vn -0.2805080711841583 -0.1619517058134079 0.9460902810096741
vn -0.4999871253967285 0.8660328388214111 -1.740000016070553e-06
vn 1 0 0
vn 0 1 0
vn 0 0 1
vn 1 0 0
vn 0 1 0
vn 0 0 -1
vn 1 0 0
vn 0 0 1
vn 0 -1 0
vn 1 0 0
vn 0 0 -1
vn 0 -1 0
vn 0 0 1
vn -0.9960349798202515 0.08896227926015854 0
vn 0 0 -1
vn -0.9960349798202515 -0.08896227926015854 0
vn 0.5000053644180298 0.8660222887992859 -2.920000042649917e-06
vn 0 0 -1
vn -0.7444635629653931 0.4298186600208283 0.5109108686447144
vn 0.5000157952308655 -0.8660162687301636 -9.080000381800346e-06
vn 0 0 -1
vn -0.7444652318954468 -0.4298160076141357 0.5109106302261353
vn 0 0 -1
vn -0.4999876320362091 -0.8660325407981873 -8.770000022195745e-06
vn -0.7444640398025513 0.4298179745674133 0.5109107494354248
vn 0 0 -1
vn -0.4999967515468597 0.866027295589447 -3.480000032141106e-06
vn -0.7444648742675781 -0.4298167824745178 0.5109105110168457
vn 0 1 0
vn -0.3239021301269531 0 0.946090579032898
vn 0 -1 0
vn -0.6478042602539063 0 0.7618067860603333
vn 0 1 0
vn 0 0 -1
vn -0.8596323728561401 0 0.510913074016571
vn 0 0 -1
vn 0 -1 0
vn -0.8596323728561401 0 0.510913074016571
f 46//46 74//74 77//77 22//22
f 53//53 42//42 15//15 56//56
f 16//16 21//21 76//76 57//57
f 58//58 78//78 75//75 55//55
f 54//54 73//73 45//45 41//41
f 41//41 45//45 20//20 14//14
f 118//118 127//127 130//130 90//90
f 101//101 93//93 82//82 104//104
f 84//84 89//89 128//128 105//105
f 106//106 129//129 126//126 103//103
f 102//102 125//125 117//117 94//94
f 94//94 117//117 88//88 83//83
f 179//179 174//174 177//177 182//182
f 142//142 148//148 150//150 145//145
f 151//151 180//180 176//176 147//147
f 146//146 175//175 172//172 143//143
f 144//144 173//173 178//178 149//149
f 149//149 178//178 181//181 152//152
f 222//222 215//215 218//218 234//234
f 189//189 197//197 226//226 192//192
f 227//227 232//232 217//217 194//194
f 193//193 216//216 213//213 190//190
f 191//191 214//214 221//221 198//198
f 198//198 221//221 233//233 228//228
f 274//274 263//263 266//266 301//301
f 242//242 269//269 294//294 245//245
f 295//295 300//300 265//265 246//246
f 244//244 264//264 261//261 241//241
f 243//243 262//262 273//273 270//270
f 270//270 273//273 302//302 296//296
f 303//303 276//276 279//279 307//307
f 283//283 305//305 311//311 286//286
f 310//310 308//308 280//280 285//285
f 284//284 278//278 275//275 281//281
f 282//282 277//277 304//304 306//306
f 306//306 304//304 309//309 312//312
f 267//267 236//236 239//239 291//291
f 257//257 271//271 298//298 260//260
f 297//297 292//292 240//240 259//259
f 258//258 238//238 235//235 255//255
f 256//256 237//237 268//268 272//272
f 272//272 268//268 293//293 299//299
f 195//195 183//183 186//186 223//223
f 209//209 220//220 231//231 212//212
f 229//229 224//224 188//188 211//211
f 210//210 187//187 184//184 207//207
f 208//208 185//185 196//196 219//219
f 219//219 196//196 225//225 230//230
f 134//134 136//136 139//139 131//131
f 168//168 165//165 163//163 171//171
f 162//162 133//133 140//140 169//169
f 170//170 141//141 138//138 167//167
f 166//166 137//137 135//135 164//164
f 164//164 135//135 132//132 161//161
f 91//91 95//95 98//98 79//79
f 121//121 116//116 87//87 124//124
f 86//86 81//81 99//99 122//122
f 123//123 100//100 97//97 120//120
f 119//119 96//96 92//92 115//115
f 115//115 92//92 80//80 85//85
f 39//39 47//47 50//50 12//12
f 68//68 44//44 19//19 71//71
f 18//18 13//13 51//51 70//70
f 72//72 52//52 49//49 69//69
f 67//67 48//48 40//40 43//43
f 43//43 40//40 11//11 17//17
f 10//10 34//34 37//37 6//6
f 27//27 8//8 2//2 30//30
f 3//3 5//5 36//36 31//31
f 32//32 38//38 35//35 29//29
f 28//28 33//33 9//9 7//7
f 7//7 9//9 4//4 1//1
f 114//114 253//253 289//289 66//66
f 66//66 289//289 249//249 26//26
f 26//26 249//249 201//201 62//62
f 110//110 62//62 201//201 155//155
f 24//24 60//60 199//199 247//247
f 287//287 64//64 24//24 247//247
f 251//251 112//112 64//64 287//287
f 203//203 157//157 112//112 251//251
f 108//108 154//154 199//199 60//60
f 160//160 205//205 253//253 114//114
f 200//200 153//153 156//156 202//202
f 153//153 107//107 109//109 156//156
f 107//107 59//59 61//61 109//109
f 59//59 23//23 25//25 61//61
f 23//23 63//63 65//65 25//25
f 63//63 111//111 113//113 65//65
f 111//111 158//158 159//159 113//113
f 158//158 204//204 206//206 159//159
f 204//204 252//252 254//254 206//206
f 252//252 288//288 290//290 254//254
f 288//288 248//248 250//250 290//290
f 248//248 200//200 202//202 250//250
