# Rhino

o object_1
v 22.5 12.5 0
v 22.5 12.5 0
v 22.5 12.5 0
v 22.01067543029785 15.58978271484375 0
v 22.01067543029785 15.58978271484375 0
v 20.59044647216797 18.37738990783691 0
v 20.59044647216797 18.37738990783691 0
v 18.37818336486816 20.58982658386231 0
v 18.37818336486816 20.58982658386231 0
v 15.59039211273193 22.01037979125977 0
v 15.59039211273193 22.01037979125977 0
v 12.5 22.4998836517334 0
v 12.5 22.4998836517334 0
v 9.409607887268066 22.01037979125977 0
v 9.409607887268066 22.01037979125977 0
v 6.621816158294678 20.58982658386231 0
v 6.621816158294678 20.58982658386231 0
v 4.40955400466919 18.37738990783691 0
v 4.40955400466919 18.37738990783691 0
v 2.989325046539307 15.58978271484375 0
v 2.989325046539307 15.58978271484375 0
v 2.5 12.5 0
v 2.5 12.5 0
v 2.5 12.5 0
v 2.989325046539307 9.41021728515625 0
v 2.989325046539307 9.41021728515625 0
v 4.40955400466919 6.622610092163086 0
v 4.40955400466919 6.622610092163086 0
v 6.621816158294678 4.410172939300537 0
v 6.621816158294678 4.410172939300537 0
v 9.409607887268066 2.989619970321655 0
v 9.409607887268066 2.989619970321655 0
v 12.5 2.500117063522339 0
v 12.5 2.500117063522339 0
v 15.59039211273193 2.989619970321655 0
v 15.59039211273193 2.989619970321655 0
v 18.37818336486816 4.410172939300537 0
v 18.37818336486816 4.410172939300537 0
v 20.59044647216797 6.622610092163086 0
v 20.59044647216797 6.622610092163086 0
v 22.01067543029785 9.41021728515625 0
v 22.01067543029785 9.41021728515625 0
v 16.22615432739258 20.13974952697754 1.5
v 16.22615432739258 20.13974952697754 1.5
v 16.22615432739258 20.13974952697754 1.5
v 16.88371086120606 21.48793983459473 1.5
v 16.88371086120606 21.48793983459473 1.5
v 16.88371086120606 21.48793983459473 1.5
v 20.26184463500977 18.80505752563477 1.5
v 20.26184463500977 18.80505752563477 1.5
v 22.19553565979004 14.94879245758057 1.5
v 22.19553565979004 14.94879245758057 1.5
v 22.19553565979004 14.94879245758057 1.5
v 20.7412052154541 14.58147430419922 1.5
v 20.7412052154541 14.58147430419922 1.5
v 20.7412052154541 14.58147430419922 1.5
v 19.0980167388916 17.85867691040039 1.5
v 19.0980167388916 17.85867691040039 1.5
v 8.116289138793945 21.48793983459473 1.5
v 8.116289138793945 21.48793983459473 1.5
v 8.116289138793945 21.48793983459473 1.5
v 8.773844718933106 20.13974952697754 1.5
v 8.773844718933106 20.13974952697754 1.5
v 8.773844718933106 20.13974952697754 1.5
v 5.901984214782715 17.85867691040039 1.5
v 5.901984214782715 17.85867691040039 1.5
v 4.258794784545898 14.58147430419922 1.5
v 4.258794784545898 14.58147430419922 1.5
v 4.258794784545898 14.58147430419922 1.5
v 2.804464101791382 14.94879245758057 1.5
v 2.804464101791382 14.94879245758057 1.5
v 2.804464101791382 14.94879245758057 1.5
v 4.738154888153076 18.80505752563477 1.5
v 4.738154888153076 18.80505752563477 1.5
v 8.773844718933106 4.860250949859619 1.5
v 8.773844718933106 4.860250949859619 1.5
v 8.773844718933106 4.860250949859619 1.5
v 8.116289138793945 3.512059926986694 1.5
v 8.116289138793945 3.512059926986694 1.5
v 8.116289138793945 3.512059926986694 1.5
v 4.738154888153076 6.194941997528076 1.5
v 4.738154888153076 6.194941997528076 1.5
v 2.804464101791382 10.05120754241943 1.5
v 2.804464101791382 10.05120754241943 1.5
v 2.804464101791382 10.05120754241943 1.5
v 4.258794784545898 10.41852569580078 1.5
v 4.258794784545898 10.41852569580078 1.5
v 4.258794784545898 10.41852569580078 1.5
v 5.901984214782715 7.141324043273926 1.5
v 5.901984214782715 7.141324043273926 1.5
v 16.88371086120606 3.512059926986694 1.5
v 16.88371086120606 3.512059926986694 1.5
v 16.88371086120606 3.512059926986694 1.5
v 16.22615432739258 4.860250949859619 1.5
v 16.22615432739258 4.860250949859619 1.5
v 16.22615432739258 4.860250949859619 1.5
v 19.0980167388916 7.141324043273926 1.5
v 19.0980167388916 7.141324043273926 1.5
v 20.7412052154541 10.41852569580078 1.5
v 20.7412052154541 10.41852569580078 1.5
v 20.7412052154541 10.41852569580078 1.5
v 22.19553565979004 10.05120754241943 1.5
v 22.19553565979004 10.05120754241943 1.5
v 22.19553565979004 10.05120754241943 1.5
v 20.26184463500977 6.194941997528076 1.5
v 20.26184463500977 6.194941997528076 1.5
v 22.5 12.5 0.75
v 22.5 12.5 0.75
v 22.5 12.5 0.75
v 22.42356872558594 13.73401737213135 0.75
v 22.42356872558594 13.73401737213135 0.75
v 22.19553565979004 14.94879245758057 0.75
v 22.19553565979004 14.94879245758057 0.75
v 22.19553565979004 14.94879245758057 0.75
v 16.88371086120606 21.48793983459473 0.75
v 16.88371086120606 21.48793983459473 0.75
v 16.88371086120606 21.48793983459473 0.75
v 12.5 22.49993324279785 0.75
v 12.5 22.49993324279785 0.75
v 8.116289138793945 21.48793983459473 0.75
v 8.116289138793945 21.48793983459473 0.75
v 8.116289138793945 21.48793983459473 0.75
v 2.804464101791382 14.94879245758057 0.75
v 2.804464101791382 14.94879245758057 0.75
v 2.804464101791382 14.94879245758057 0.75
v 2.5764319896698 13.73401737213135 0.75
v 2.5764319896698 13.73401737213135 0.75
v 2.5 12.5 0.75
v 2.5 12.5 0.75
v 2.5 12.5 0.75
v 21 12.5 0.5
v 21 12.5 0.5
v 21 12.5 0.5
v 19.37687873840332 7.504218101501465 0.5
v 19.37687873840332 7.504218101501465 0.5
v 15.12683296203613 4.416176795959473 0.5
v 15.12683296203613 4.416176795959473 0.5
v 9.873167037963867 4.416176795959473 0.5
v 9.873167037963867 4.416176795959473 0.5
v 5.623120784759522 7.504218101501465 0.5
v 5.623120784759522 7.504218101501465 0.5
v 4 12.5 0.5
v 4 12.5 0.5
v 4 12.5 0.5
v 5.623120784759522 17.49578285217285 0.5
v 5.623120784759522 17.49578285217285 0.5
v 9.873167037963867 20.58382225036621 0.5
v 9.873167037963867 20.58382225036621 0.5
v 15.12683296203613 20.58382225036621 0.5
v 15.12683296203613 20.58382225036621 0.5
v 19.37687873840332 17.49578285217285 0.5
v 19.37687873840332 17.49578285217285 0.5
v 12.5 19.5 0.5
v 12.5 19.5 0.5
v 12.5 19.5 0.5
v 8.38582706451416 18.16331291198731 0.5
v 8.38582706451416 18.16331291198731 0.5
v 5.842733860015869 14.66327381134033 0.5
v 5.842733860015869 14.66327381134033 0.5
v 5.842733860015869 10.33672618865967 0.5
v 5.842733860015869 10.33672618865967 0.5
v 8.38582706451416 6.836688041687012 0.5
v 8.38582706451416 6.836688041687012 0.5
v 12.5 5.5 0.5
v 12.5 5.5 0.5
v 12.5 5.5 0.5
v 16.61417388916016 6.836688041687012 0.5
v 16.61417388916016 6.836688041687012 0.5
v 19.15726661682129 10.33672618865967 0.5
v 19.15726661682129 10.33672618865967 0.5
v 19.15726661682129 14.66327381134033 0.5
v 19.15726661682129 14.66327381134033 0.5
v 16.61417388916016 18.16331291198731 0.5
v 16.61417388916016 18.16331291198731 0.5
v 21 12.5 0.75
v 21 12.5 0.75
v 21 12.5 0.75
v 4 12.5 0.75
v 4 12.5 0.75
v 4 12.5 0.75
v 4.064990043640137 13.54910087585449 0.75
v 4.064990043640137 13.54910087585449 0.75
v 4.258794784545898 14.58147430419922 0.75
v 4.258794784545898 14.58147430419922 0.75
v 4.258794784545898 14.58147430419922 0.75
v 8.773844718933106 20.13974952697754 0.75
v 8.773844718933106 20.13974952697754 0.75
v 8.773844718933106 20.13974952697754 0.75
v 12.5 20.99994468688965 0.75
v 12.5 20.99994468688965 0.75
v 16.22615432739258 20.13974952697754 0.75
v 16.22615432739258 20.13974952697754 0.75
v 16.22615432739258 20.13974952697754 0.75
v 20.7412052154541 14.58147430419922 0.75
v 20.7412052154541 14.58147430419922 0.75
v 20.7412052154541 14.58147430419922 0.75
v 20.93501091003418 13.54910087585449 0.75
v 20.93501091003418 13.54910087585449 0.75
v 20.93501091003418 11.45089912414551 0.75
v 20.93501091003418 11.45089912414551 0.75
v 20.7412052154541 10.41852569580078 0.75
v 20.7412052154541 10.41852569580078 0.75
v 20.7412052154541 10.41852569580078 0.75
v 16.22615432739258 4.860250949859619 0.75
v 16.22615432739258 4.860250949859619 0.75
v 16.22615432739258 4.860250949859619 0.75
v 12.5 4.00005578994751 0.75
v 12.5 4.00005578994751 0.75
v 8.773844718933106 4.860250949859619 0.75
v 8.773844718933106 4.860250949859619 0.75
v 8.773844718933106 4.860250949859619 0.75
v 4.258794784545898 10.41852569580078 0.75
v 4.258794784545898 10.41852569580078 0.75
v 4.258794784545898 10.41852569580078 0.75
v 4.064990043640137 11.45089912414551 0.75
v 4.064990043640137 11.45089912414551 0.75
v 22.42356872558594 11.26598262786865 0.75
v 22.42356872558594 11.26598262786865 0.75
v 22.19553565979004 10.05120754241943 0.75
v 22.19553565979004 10.05120754241943 0.75
v 22.19553565979004 10.05120754241943 0.75
v 2.804464101791382 10.05120754241943 0.75
v 2.804464101791382 10.05120754241943 0.75
v 2.804464101791382 10.05120754241943 0.75
v 2.5764319896698 11.26598262786865 0.75
v 2.5764319896698 11.26598262786865 0.75
v 8.116289138793945 3.512059926986694 0.75
v 8.116289138793945 3.512059926986694 0.75
v 8.116289138793945 3.512059926986694 0.75
v 16.88371086120606 3.512059926986694 0.75
v 16.88371086120606 3.512059926986694 0.75
v 16.88371086120606 3.512059926986694 0.75
v 12.5 2.500066995620728 0.75
v 12.5 2.500066995620728 0.75
v 12.5 7.880000114440918 1.799999952316284
v 12.5 7.880000114440918 1.799999952316284
v 12.5 7.880000114440918 1.799999952316284
v 9.233531951904297 9.232845306396484 1.799999952316284
v 9.233531951904297 9.232845306396484 1.799999952316284
v 7.880053997039795 12.49993896484375 1.799999952316284
v 7.880053997039795 12.49993896484375 1.799999952316284
v 9.23344898223877 15.76707267761231 1.799999952316284
v 9.23344898223877 15.76707267761231 1.799999952316284
v 12.5 17.1200008392334 1.799999952316284
v 12.5 17.1200008392334 1.799999952316284
v 12.5 17.1200008392334 1.799999952316284
v 15.7664680480957 15.76715469360352 1.799999952316284
v 15.7664680480957 15.76715469360352 1.799999952316284
v 17.11994552612305 12.50006103515625 1.799999952316284
v 17.11994552612305 12.50006103515625 1.799999952316284
v 15.76655101776123 9.232927322387695 1.799999952316284
v 15.76655101776123 9.232927322387695 1.799999952316284
v 12.5 19.5 0.550000011920929
v 12.5 19.5 0.550000011920929
v 12.5 19.5 0.550000011920929
v 12.5 19.5 0.550000011920929
v 8.385512351989746 18.16312599182129 0.550000011920929
v 8.385512351989746 18.16312599182129 0.550000011920929
v 5.842605113983154 14.66312217712402 0.550000011920929
v 5.842605113983154 14.66312217712402 0.550000011920929
v 5.842606067657471 10.33687686920166 0.550000011920929
v 5.842606067657471 10.33687686920166 0.550000011920929
v 8.385514259338379 6.836873054504395 0.550000011920929
v 8.385514259338379 6.836873054504395 0.550000011920929
v 12.5 5.5 0.550000011920929
v 12.5 5.5 0.550000011920929
v 12.5 5.5 0.550000011920929
v 12.5 5.5 0.550000011920929
v 16.61448860168457 6.836874008178711 0.550000011920929
v 16.61448860168457 6.836874008178711 0.550000011920929
v 19.15739440917969 10.33687782287598 0.550000011920929
v 19.15739440917969 10.33687782287598 0.550000011920929
v 19.15739440917969 14.66312313079834 0.550000011920929
v 19.15739440917969 14.66312313079834 0.550000011920929
v 16.61448669433594 18.16312789916992 0.550000011920929
v 16.61448669433594 18.16312789916992 0.550000011920929
vn 0 0 -1
vn 1 0 0
vn 1 0 0
vn 0 0 -1
vn 0.9510565400123596 0.3090168535709381 0
vn 0 0 -1
vn 0.8090171217918396 0.5877850651741028 0
vn 0 0 -1
vn 0.5877850651741028 0.8090171217918396 0
vn 0 0 -1
vn 0.3090168535709381 0.9510565400123596 0
vn 0 0 -1
vn 0 1 0
vn 0 0 -1
vn -0.3090168535709381 0.9510565400123596 0
vn 0 0 -1
vn -0.5877850651741028 0.8090171217918396 0
vn 0 0 -1
vn -0.8090171217918396 0.5877850651741028 0
vn 0 0 -1
vn -0.9510565400123596 0.3090168535709381 0
vn 0 0 -1
vn -1 0 0
vn -1 0 0
vn 0 0 -1
vn -0.9510565400123596 -0.3090168535709381 0
vn 0 0 -1
vn -0.8090171217918396 -0.5877850651741028 0
vn 0 0 -1
vn -0.5877850651741028 -0.8090171217918396 0
vn 0 0 -1
vn -0.3090168535709381 -0.9510565400123596 0
vn 0 0 -1
vn 0 -1 0
vn 0 0 -1
vn 0.3090168535709381 -0.9510565400123596 0
vn 0 0 -1
vn 0.5877850651741028 -0.8090171217918396 0
vn 0 0 -1
vn 0.8090171217918396 -0.5877850651741028 0
vn 0 0 -1
vn 0.9510565400123596 -0.3090168535709381 0
vn 0 0 1
vn -0.4383710622787476 -0.8987941145896912 0
vn -0.8987941145896912 0.4383710622787476 0
vn 0 0 1
vn 0.4383710622787476 0.8987941145896912 0
vn -0.8987941145896912 0.4383710622787476 0
vn 0 0 1
vn 0.776184618473053 0.6305056810379028 0
vn 0 0 1
vn 0.9695536494255066 0.2448789179325104 0
vn 0.2448789179325104 -0.9695536494255066 0
vn 0 0 1
vn -0.9695536494255066 -0.2448789179325104 0
vn 0.2448789179325104 -0.9695536494255066 0
vn 0 0 1
vn -0.7762411236763001 -0.63043612241745 0
vn 0 0 1
vn -0.4383710622787476 0.8987941145896912 0
vn 0.8987941145896912 0.4383710622787476 0
vn 0 0 1
vn 0.4383710622787476 -0.8987941145896912 0
vn 0.8987941145896912 0.4383710622787476 0
vn 0 0 1
vn 0.7762411236763001 -0.63043612241745 0
vn 0 0 1
vn 0.9695536494255066 -0.2448789179325104 0
vn -0.2448789179325104 -0.9695536494255066 0
vn 0 0 1
vn -0.9695536494255066 0.2448789179325104 0
vn -0.2448789179325104 -0.9695536494255066 0
vn 0 0 1
vn -0.776184618473053 0.6305056810379028 0
vn 0 0 1
vn 0.4383710622787476 0.8987941145896912 0
vn 0.8987941145896912 -0.4383710622787476 0
vn 0 0 1
vn 0.8987941145896912 -0.4383710622787476 0
vn -0.4383710622787476 -0.8987941145896912 0
vn 0 0 1
vn -0.776184618473053 -0.6305056810379028 0
vn 0 0 1
vn -0.2448789179325104 0.9695536494255066 0
vn -0.9695536494255066 -0.2448789179325104 0
vn 0 0 1
vn 0.9695536494255066 0.2448789179325104 0
vn -0.2448789179325104 0.9695536494255066 0
vn 0 0 1
vn 0.7762411236763001 0.63043612241745 0
vn 0 0 1
vn -0.8987941145896912 -0.4383710622787476 0
vn 0.4383710622787476 -0.8987941145896912 0
vn 0 0 1
vn -0.4383710622787476 0.8987941145896912 0
vn -0.8987941145896912 -0.4383710622787476 0
vn 0 0 1
vn -0.7762411236763001 0.63043612241745 0
vn 0 0 1
vn -0.9695536494255066 0.2448789179325104 0
vn 0.2448789179325104 0.9695536494255066 0
vn 0 0 1
vn 0.2448789179325104 0.9695536494255066 0
vn 0.9695536494255066 -0.2448789179325104 0
vn 0 0 1
vn 0.776184618473053 -0.6305056810379028 0
vn 1 0 0
vn 0 0 1
vn 1 0 0
vn 0.9923567771911621 0.1234019696712494 0
vn 0 0 1
vn 0.9695536494255066 0.2448789179325104 0
vn 0 0 1
vn 0.2448789179325104 -0.9695536494255066 0
vn 0.4383710622787476 0.8987941145896912 0
vn 0 0 1
vn -0.8987941145896912 0.4383710622787476 0
vn 0 1 0
vn 0 0 1
vn -0.4383710622787476 0.8987941145896912 0
vn 0 0 1
vn 0.8987941145896912 0.4383710622787476 0
vn -0.9695536494255066 0.2448789179325104 0
vn 0 0 1
vn -0.2448789179325104 -0.9695536494255066 0
vn -0.9923567771911621 0.1234019696712494 0
vn 0 0 1
vn -1 0 0
vn 0 0 1
vn -1 0 0
vn 0 0 1
vn -1 0 0
vn -1 0 0
vn 0 0 1
vn -0.8090171217918396 0.5877850651741028 0
vn 0 0 1
vn -0.3090168535709381 0.9510565400123596 0
vn 0 0 1
vn 0.3090168535709381 0.9510565400123596 0
vn 0 0 1
vn 0.8090171217918396 0.5877850651741028 0
vn 0 0 1
vn 1 0 0
vn 1 0 0
vn 0 0 1
vn 0.8090171217918396 -0.5877850651741028 0
vn 0 0 1
vn 0.3090168535709381 -0.9510565400123596 0
vn 0 0 1
vn -0.3090168535709381 -0.9510565400123596 0
vn 0 0 1
vn -0.8090171217918396 -0.5877850651741028 0
vn 0 0 1
vn 0 1 0
vn 0 1 0
vn 0 0 1
vn -0.5877850651741028 0.8090171217918396 0
vn 0 0 1
vn -0.9510565400123596 0.3090168535709381 0
vn 0 0 1
vn -0.9510565400123596 -0.3090168535709381 0
vn 0 0 1
vn -0.5877850651741028 -0.8090171217918396 0
vn 0 0 1
vn 0 -1 0
vn 0 -1 0
vn 0 0 1
vn 0.5877850651741028 -0.8090171217918396 0
vn 0 0 1
vn 0.9510565400123596 -0.3090168535709381 0
vn 0 0 1
vn 0.9510565400123596 0.3090168535709381 0
vn 0 0 1
vn 0.5877850651741028 0.8090171217918396 0
vn -1 0 0
vn -1 0 0
vn 0 0 1
vn 1 0 0
vn 1 0 0
vn 0 0 1
vn 0.9923540353775024 -0.1234240084886551 0
vn 0 0 1
vn 0.9695536494255066 -0.2448789179325104 0
vn 0 0 1
vn -0.2448789179325104 -0.9695536494255066 0
vn 0.4383710622787476 -0.8987941145896912 0
vn 0 0 1
vn 0.8987941145896912 0.4383710622787476 0
vn 0 -1 0
vn 0 0 1
vn -0.4383710622787476 -0.8987941145896912 0
vn 0 0 1
vn -0.8987941145896912 0.4383710622787476 0
vn -0.9695536494255066 -0.2448789179325104 0
vn 0 0 1
vn 0.2448789179325104 -0.9695536494255066 0
vn -0.9923540353775024 -0.1234240084886551 0
vn 0 0 1
vn -0.9923540353775024 0.1234240084886551 0
vn 0 0 1
vn -0.9695536494255066 0.2448789179325104 0
vn 0 0 1
vn 0.2448789179325104 0.9695536494255066 0
vn -0.4383710622787476 0.8987941145896912 0
vn 0 0 1
vn -0.8987941145896912 -0.4383710622787476 0
vn 0 1 0
vn 0 0 1
vn 0.4383710622787476 0.8987941145896912 0
vn 0 0 1
vn 0.8987941145896912 -0.4383710622787476 0
vn 0.9695536494255066 0.2448789179325104 0
vn 0 0 1
vn -0.2448789179325104 0.9695536494255066 0
vn 0.9923540353775024 0.1234240084886551 0
vn 0 0 1
vn 0 0 1
vn 0.9923567771911621 -0.1234019696712494 0
vn 0 0 1
vn 0.2448789179325104 0.9695536494255066 0
vn 0.9695536494255066 -0.2448789179325104 0
vn 0 0 1
vn -0.2448789179325104 0.9695536494255066 0
vn -0.9695536494255066 -0.2448789179325104 0
vn 0 0 1
vn -0.9923567771911621 -0.1234019696712494 0
vn 0 0 1
vn 0.8987941145896912 -0.4383710622787476 0
vn -0.4383710622787476 -0.8987941145896912 0
vn 0 0 1
vn -0.8987941145896912 -0.4383710622787476 0
vn 0.4383710622787476 -0.8987941145896912 0
vn 0 0 1
vn 0 -1 0
vn 0 0 1
vn 0 -0.4649800658226013 0.8853211402893066
vn 0 -0.4649800658226013 0.8853211402893066
vn 0 0 1
vn -0.3287730515003204 -0.328808069229126 0.8853211402893066
vn 0 0 1
vn -0.4649800658226013 -6.000001121719834e-06 0.8853211402893066
vn 0 0 1
vn -0.3287811577320099 0.3287991583347321 0.8853214383125305
vn 0 0 1
vn 0 0.4649800658226013 0.8853211402893066
vn 0 0.4649800658226013 0.8853211402893066
vn 0 0 1
vn 0.3287730515003204 0.328808069229126 0.8853211402893066
vn 0 0 1
vn 0.4649800658226013 6.000001121719834e-06 0.8853211402893066
vn 0 0 1
vn 0.3287811577320099 -0.3287991583347321 0.8853214383125305
vn 0 1 0
vn 0 1 0
vn 0 0.4649800658226013 0.8853211402893066
vn 0 0.4649800658226013 0.8853211402893066
vn -0.5877839326858521 0.8090179562568665 0
vn -0.2733080387115479 0.3761770725250244 0.8853211402893066
vn -0.9510564804077148 0.309017151594162 0
vn -0.4422220885753632 0.1436870247125626 0.8853211998939514
vn -0.951056182384491 -0.3090180456638336 0
vn -0.4422220885753632 -0.1436870247125626 0.8853211998939514
vn -0.5877839326858521 -0.8090179562568665 0
vn -0.2733071148395538 -0.3761771619319916 0.8853213787078857
vn 0 -1 0
vn 0 -1 0
vn 0 -0.4649800658226013 0.8853211402893066
vn 0 -0.4649800658226013 0.8853211402893066
vn 0.5877839326858521 -0.8090179562568665 0
vn 0.2733080387115479 -0.3761770725250244 0.8853211402893066
vn 0.9510564804077148 -0.309017151594162 0
vn 0.4422220885753632 -0.1436870247125626 0.8853211998939514
vn 0.951056182384491 0.3090180456638336 0
vn 0.4422220885753632 0.1436870247125626 0.8853211998939514
vn 0.5877839326858521 0.8090179562568665 0
vn 0.2733071148395538 0.3761771619319916 0.8853213787078857
f 20//20 4//4 1//1
f 107//107 2//2 5//5
f 22//22 20//20 1//1
f 41//41 22//22 1//1
f 221//221 42//42 3//3
f 218//218 3//3 109//109
f 221//221 3//3 218//218
f 18//18 6//6 4//4
f 52//52 5//5 7//7
f 20//20 18//18 4//4
f 112//112 5//5 52//52
f 110//110 107//107 5//5
f 112//112 110//110 5//5
f 16//16 8//8 6//6
f 50//50 7//7 9//9
f 18//18 16//16 6//6
f 52//52 7//7 50//50
f 14//14 10//10 8//8
f 115//115 9//9 11//11
f 16//16 14//14 8//8
f 115//115 50//50 9//9
f 14//14 12//12 10//10
f 115//115 11//11 13//13
f 118//118 13//13 15//15
f 118//118 115//115 13//13
f 120//120 15//15 17//17
f 120//120 118//118 15//15
f 74//74 17//17 19//19
f 74//74 60//60 17//17
f 120//120 17//17 60//60
f 74//74 19//19 21//21
f 123//123 21//21 23//23
f 123//123 74//74 21//21
f 41//41 25//25 22//22
f 130//130 24//24 26//26
f 126//126 123//123 23//23
f 128//128 126//126 23//23
f 39//39 27//27 25//25
f 85//85 26//26 28//28
f 41//41 39//39 25//25
f 224//224 26//26 85//85
f 226//226 130//130 26//26
f 226//226 26//26 224//224
f 37//37 29//29 27//27
f 82//82 28//28 30//30
f 39//39 37//37 27//27
f 85//85 28//28 82//82
f 35//35 31//31 29//29
f 229//229 30//30 32//32
f 37//37 35//35 29//29
f 229//229 82//82 30//30
f 35//35 33//33 31//31
f 229//229 32//32 34//34
f 234//234 34//34 36//36
f 234//234 229//229 34//34
f 232//232 36//36 38//38
f 234//234 36//36 232//232
f 106//106 38//38 40//40
f 106//106 93//93 38//38
f 232//232 38//38 93//93
f 106//106 40//40 42//42
f 221//221 106//106 42//42
f 57//57 46//46 43//43
f 193//193 45//45 48//48
f 152//152 58//58 44//44
f 191//191 152//152 44//44
f 57//57 49//49 46//46
f 115//115 47//47 50//50
f 193//193 48//48 117//117
f 54//54 51//51 49//49
f 57//57 54//54 49//49
f 114//114 53//53 56//56
f 194//194 55//55 58//58
f 196//196 114//114 56//56
f 194//194 58//58 152//152
f 65//65 62//62 59//59
f 122//122 61//61 64//64
f 73//73 65//65 59//59
f 186//186 63//63 66//66
f 188//188 122//122 64//64
f 73//73 67//67 65//65
f 146//146 66//66 68//68
f 148//148 66//66 146//146
f 186//186 66//66 148//148
f 73//73 70//70 67//67
f 185//185 69//69 72//72
f 183//183 146//146 68//68
f 123//123 71//71 74//74
f 185//185 72//72 125//125
f 89//89 78//78 75//75
f 211//211 77//77 79//79
f 141//141 90//90 76//76
f 209//209 141//141 76//76
f 89//89 81//81 78//78
f 229//229 80//80 82//82
f 228//228 211//211 79//79
f 86//86 83//83 81//81
f 89//89 86//86 81//81
f 223//223 84//84 88//88
f 212//212 87//87 90//90
f 223//223 88//88 214//214
f 212//212 90//90 141//141
f 97//97 94//94 91//91
f 231//231 92//92 96//96
f 105//105 97//97 91//91
f 204//204 95//95 98//98
f 231//231 96//96 206//206
f 105//105 99//99 97//97
f 135//135 98//98 100//100
f 137//137 98//98 135//135
f 204//204 98//98 137//137
f 105//105 102//102 99//99
f 203//203 101//101 103//103
f 201//201 135//135 100//100
f 221//221 104//104 106//106
f 220//220 203//203 103//103
f 177//177 108//108 111//111
f 200//200 108//108 177//177
f 217//217 108//108 200//200
f 195//195 111//111 113//113
f 198//198 177//177 111//111
f 198//198 111//111 195//195
f 121//121 116//116 119//119
f 190//190 116//116 121//121
f 192//192 116//116 190//190
f 190//190 121//121 187//187
f 184//184 124//124 127//127
f 182//182 127//127 129//129
f 184//184 127//127 182//182
f 182//182 129//129 180//180
f 225//225 180//180 129//129
f 169//169 134//134 131//131
f 176//176 133//133 135//135
f 171//171 131//131 151//151
f 194//194 152//152 132//132
f 171//171 169//169 131//131
f 197//197 132//132 175//175
f 197//197 194//194 132//132
f 138//138 136//136 134//134
f 164//164 138//138 134//134
f 167//167 164//164 134//134
f 169//169 167//167 134//134
f 199//199 176//176 135//135
f 201//201 199//199 135//135
f 207//207 137//137 139//139
f 207//207 204//204 137//137
f 162//162 140//140 138//138
f 209//209 139//139 141//141
f 164//164 162//162 138//138
f 209//209 207//207 139//139
f 160//160 142//142 140//140
f 212//212 141//141 144//144
f 162//162 160//160 140//140
f 158//158 145//145 142//142
f 178//178 143//143 146//146
f 160//160 158//158 142//142
f 215//215 144//144 179//179
f 215//215 212//212 144//144
f 149//149 147//147 145//145
f 153//153 149//149 145//145
f 156//156 153//153 145//145
f 158//158 156//156 145//145
f 181//181 178//178 146//146
f 183//183 181//181 146//146
f 189//189 148//148 150//150
f 189//189 186//186 148//148
f 173//173 151//151 149//149
f 191//191 150//150 152//152
f 173//173 149//149 153//153
f 191//191 189//189 150//150
f 173//173 171//171 151//151
f 253//253 154//154 157//157
f 275//275 174//174 155//155
f 275//275 155//155 254//254
f 257//257 157//157 159//159
f 257//257 253//253 157//157
f 259//259 159//159 161//161
f 259//259 257//257 159//159
f 261//261 161//161 163//163
f 261//261 259//259 161//161
f 263//263 163//163 165//165
f 263//263 261//261 163//163
f 266//266 166//166 168//168
f 265//265 263//263 165//165
f 269//269 168//168 170//170
f 269//269 266//266 168//168
f 271//271 170//170 172//172
f 271//271 269//269 170//170
f 273//273 172//172 174//174
f 273//273 271//271 172//172
f 275//275 273//273 174//174
f 225//225 216//216 180//180
f 217//217 200//200 202//202
f 219//219 217//217 202//202
f 230//230 205//205 208//208
f 227//227 208//208 210//210
f 230//230 208//208 227//227
f 225//225 213//213 216//216
f 225//225 222//222 213//213
f 233//233 230//230 227//227
f 242//242 238//238 235//235
f 268//268 237//237 239//239
f 244//244 242//242 235//235
f 251//251 244//244 235//235
f 270//270 252//252 236//236
f 270//270 236//236 267//267
f 242//242 240//240 238//238
f 262//262 239//239 241//241
f 264//264 239//239 262//262
f 268//268 239//239 264//264
f 260//260 241//241 243//243
f 262//262 241//241 260//260
f 258//258 243//243 246//246
f 260//260 243//243 258//258
f 251//251 247//247 244//244
f 255//255 245//245 248//248
f 258//258 246//246 256//256
f 251//251 249//249 247//247
f 274//274 248//248 250//250
f 276//276 255//255 248//248
f 276//276 248//248 274//274
f 272//272 250//250 252//252
f 274//274 250//250 272//272
f 272//272 252//252 270//270
