# Rhino

v 10.45828437805176 -2.500000953674316 2.052787065505981
v 10.45828437805176 -2.500000953674316 2.052787065505981
v 10.45828437805176 -2.500000953674316 0.07462699711322784
v 10.45828437805176 -2.500000953674316 0.07462699711322784
v 8.116144180297852 3.154421091079712 0.07462699711322784
v 8.116144180297852 3.154421091079712 0.07462699711322784
v 8.116144180297852 3.1544189453125 2.052787065505981
v 8.116144180297852 3.1544189453125 2.052787065505981
v 8.116144180297852 -8.154419898986816 2.052787065505981
v 8.116144180297852 -8.154419898986816 2.052787065505981
v 8.116144180297852 -8.154422760009766 0.07462699711322784
v 8.116144180297852 -8.154422760009766 0.07462699711322784
v 2.461724996566773 5.496555805206299 2.052787065505981
v 2.461724996566773 5.496555805206299 2.052787065505981
v 2.461724996566773 -10.49655914306641 2.052787065505981
v 2.461724996566773 -10.49655914306641 2.052787065505981
v 2.461718082427979 5.496555805206299 0.07462699711322784
v 2.461718082427979 5.496555805206299 0.07462699711322784
v 2.461718082427979 -10.49655914306641 0.07462699711322784
v 2.461718082427979 -10.49655914306641 0.07462699711322784
v -3.192693948745728 3.1544189453125 2.052787065505981
v -3.192693948745728 3.1544189453125 2.052787065505981
v -3.192693948745728 -8.154417037963867 0.07462699711322784
v -3.192693948745728 -8.154417037963867 0.07462699711322784
v -3.192693948745728 -8.154419898986816 2.052787065505981
v -3.192693948745728 -8.154419898986816 2.052787065505981
v -3.192701101303101 3.154413938522339 0.07462699711322784
v -3.192701101303101 3.154413938522339 0.07462699711322784
v -5.534833908081055 -2.499998092651367 0.07462699711322784
v -5.534833908081055 -2.499998092651367 0.07462699711322784
v -5.534833908081055 -2.500000953674316 2.052787065505981
v -5.534833908081055 -2.500000953674316 2.052787065505981
vn 0.9238792657852173 -0.3826840817928314 0
vn 0 0 1
vn 0.9238792657852173 -0.3826840817928314 0
vn 0 0 -1
vn 0.9238792657852173 0.3826840817928314 0
vn 0 0 -1
vn 0.9238792657852173 0.3826840817928314 0
vn 0 0 1
vn 0.3826829195022583 -0.9238797426223755 0
vn 0 0 1
vn 0.3826829195022583 -0.9238797426223755 0
vn 0 0 -1
vn 0.3826829195022583 0.9238797426223755 0
vn 0 0 1
vn 0 0 1
vn -0.3826840817928314 -0.9238792657852173 -0
vn 0.3826829195022583 0.9238797426223755 0
vn 0 0 -1
vn 0 0 -1
vn -0.3826840817928314 -0.9238792657852173 -0
vn 0 0 1
vn -0.3826840817928314 0.9238792657852173 0
vn 0 0 -1
vn -0.9238797426223755 -0.3826829195022583 -0
vn 0 0 1
vn -0.9238797426223755 -0.3826829195022583 -0
vn 0 0 -1
vn -0.3826840817928314 0.9238792657852173 0
vn 0 0 -1
vn -0.9238797426223755 -0.3826829195022583 -0
vn 0 0 1
vn -0.9238797426223755 -0.3826829195022583 -0
f 21//21 31//31 25//25
f 27//27 23//23 29//29
f 32//32 30//30 24//24 26//26
f 26//26 24//24 20//20 16//16
f 16//16 20//20 11//11 9//9
f 9//9 11//11 3//3 1//1
f 1//1 3//3 5//5 7//7
f 7//7 5//5 17//17 13//13
f 13//13 17//17 28//28 22//22
f 30//30 32//32 22//22 28//28
f 18//18 6//6 12//12 19//19
f 12//12 6//6 4//4
f 18//18 19//19 23//23 27//27
f 14//14 15//15 10//10 8//8
f 8//8 10//10 2//2
f 21//21 25//25 15//15 14//14
