# Rhino

v 23.18603515625 5.254350185394287 3.436589002609253
v 23.18603515625 5.254350185394287 3.436589002609253
v 23.18603515625 5.254350185394287 3.436589002609253
v 23.18603515625 5.180729866027832 3.309076070785523
v 23.18603515625 5.180729866027832 3.309076070785523
v 23.18603515625 5.180729866027832 3.309076070785523
v 23.18603515625 5.1285719871521 3.572659969329834
v 23.18603515625 5.1285719871521 3.572659969329834
v 23.18603515625 5.125310897827148 3.521734952926636
v 23.18603515625 5.125310897827148 3.521734952926636
v 23.18603515625 5.104074954986572 3.558516979217529
v 23.18603515625 5.082839012145996 3.595299005508423
v 23.18603515625 5.082839012145996 3.595299005508423
v 23.18603515625 5.075671195983887 3.52551007270813
v 23.18603515625 5.075671195983887 3.52551007270813
v 23.18603515625 5.075671195983887 3.52551007270813
v 23.18603515625 5.073619842529297 3.74962306022644
v 23.18603515625 5.073619842529297 3.74962306022644
v 23.18603515625 5.073619842529297 3.74962306022644
v 23.18603515625 5.068479061126709 3.537966012954712
v 23.18603515625 5.068479061126709 3.537966012954712
v 23.18603515625 5.061287879943848 3.550421953201294
v 23.18603515625 5.061287879943848 3.550421953201294
v 23.18603515625 5.042471885681152 3.378252983093262
v 23.18603515625 5.042471885681152 3.378252983093262
v 23.18603515625 5.014382839202881 3.419356107711792
v 23.18603515625 5.014382839202881 3.419356107711792
v 23.18603515625 5 3.419356107711792
v 23.18603515625 5 3.419356107711792
v 23.18603515625 5 3.378252983093262
v 23.18603515625 5 3.349967002868652
v 23.18603515625 5 3.349967002868652
v 23.18603515625 4.985617160797119 3.419356107711792
v 23.18603515625 4.985617160797119 3.419356107711792
v 23.18603515625 4.985617160797119 3.419356107711792
v 23.18603515625 4.957528114318848 3.378252983093262
v 23.18603515625 4.957528114318848 3.378252983093262
v 23.18603515625 4.938712120056152 3.550421953201294
v 23.18603515625 4.938712120056152 3.550421953201294
v 23.18603515625 4.938712120056152 3.550421953201294
v 23.18603515625 4.931520938873291 3.537966012954712
v 23.18603515625 4.931520938873291 3.537966012954712
v 23.18603515625 4.926380157470703 3.74962306022644
v 23.18603515625 4.926380157470703 3.74962306022644
v 23.18603515625 4.926380157470703 3.74962306022644
v 23.18603515625 4.924328804016113 3.52551007270813
v 23.18603515625 4.924328804016113 3.52551007270813
v 23.18603515625 4.917160987854004 3.595299005508423
v 23.18603515625 4.917160987854004 3.595299005508423
v 23.18603515625 4.895925045013428 3.558516979217529
v 23.18603515625 4.874689102172852 3.521734952926636
v 23.18603515625 4.874689102172852 3.521734952926636
v 23.18603515625 4.8714280128479 3.572659969329834
v 23.18603515625 4.8714280128479 3.572659969329834
v 23.18603515625 4.819270133972168 3.309076070785523
v 23.18603515625 4.819270133972168 3.309076070785523
v 23.18603515625 4.819270133972168 3.309076070785523
v 23.18603515625 4.745649814605713 3.436589002609253
v 23.18603515625 4.745649814605713 3.436589002609253
v 23.18603515625 4.745649814605713 3.436589002609253
v 11.55669212341309 5.360369205474854 3.597337007522583
v 11.55669212341309 5.360369205474854 3.597337007522583
v 11.55669212341309 5.31310510635376 3.679200887680054
v 11.55669212341309 5.265841007232666 3.761065006256104
v 11.55669212341309 5.265841007232666 3.761065006256104
v 11.55669212341309 5.094529151916504 3.13688588142395
v 11.55669212341309 5.094529151916504 3.13688588142395
v 11.55669212341309 5 3.13688588142395
v 11.55669212341309 4.905470848083496 3.13688588142395
v 11.55669212341309 4.905470848083496 3.13688588142395
v 11.55669212341309 4.734158992767334 3.761065006256104
v 11.55669212341309 4.734158992767334 3.761065006256104
v 11.55669212341309 4.68689489364624 3.679200887680054
v 11.55669212341309 4.639630794525147 3.597337007522583
v 11.55669212341309 4.639630794525147 3.597337007522583
v 11.51006984710693 5.575202941894531 3.498111009597778
v 11.51006984710693 5.575202941894531 3.498111009597778
v 11.51006984710693 5.406730175018311 3.90484094619751
v 11.51006984710693 5.406730175018311 3.90484094619751
v 11.51006984710693 5.406730175018311 3.091381072998047
v 11.51006984710693 5.406730175018311 3.091381072998047
v 11.51006984710693 5 4.073314189910889
v 11.51006984710693 5 4.073314189910889
v 11.51006984710693 5 2.922908067703247
v 11.51006984710693 5 2.922908067703247
v 11.51006984710693 4.59326982498169 3.90484094619751
v 11.51006984710693 4.59326982498169 3.90484094619751
v 11.51006984710693 4.59326982498169 3.091381072998047
v 11.51006984710693 4.59326982498169 3.091381072998047
v 11.51006984710693 4.424797058105469 3.498111009597778
v 11.51006984710693 4.424797058105469 3.498111009597778
v 11.48712921142578 5.879720211029053 3.541866064071655
v 11.48712921142578 5.879720211029053 3.541866064071655
v 11.48712921142578 5.879720211029053 3.541866064071655
v 11.48712921142578 5.477477073669434 4.238571166992188
v 11.48712921142578 5.477477073669434 4.238571166992188
v 11.48712921142578 5.477477073669434 4.238571166992188
v 11.48712921142578 5.462553024291992 3.765485048294067
v 11.48712921142578 5.462553024291992 3.765485048294067
v 11.48712921142578 5.402243137359619 2.714852094650269
v 11.48712921142578 5.402243137359619 2.714852094650269
v 11.48712921142578 5.402243137359619 2.714852094650269
v 11.48712921142578 5 2.964318990707398
v 11.48712921142578 5 2.964318990707398
v 11.48712921142578 4.597756862640381 2.714852094650269
v 11.48712921142578 4.597756862640381 2.714852094650269
v 11.48712921142578 4.597756862640381 2.714852094650269
v 11.48712921142578 4.537446975708008 3.765485048294067
v 11.48712921142578 4.537446975708008 3.765485048294067
v 11.48712921142578 4.522522926330566 4.238571166992188
v 11.48712921142578 4.522522926330566 4.238571166992188
v 11.48712921142578 4.522522926330566 4.238571166992188
v 11.48712921142578 4.120279788970947 3.541866064071655
v 11.48712921142578 4.120279788970947 3.541866064071655
v 11.48712921142578 4.120279788970947 3.541866064071655
v 11.39901733398438 5.111947059631348 3.526098966598511
v 11.39901733398438 5.111947059631348 3.526098966598511
v 11.39901733398438 5.111947059631348 3.526098966598511
v 11.39901733398438 5.09594202041626 3.553822040557861
v 11.39901733398438 5.09594202041626 3.553822040557861
v 11.39901733398438 5.079936981201172 3.581543922424316
v 11.39901733398438 5.079936981201172 3.581543922424316
v 11.39901733398438 5.032011032104492 3.38764500617981
v 11.39901733398438 5.032011032104492 3.38764500617981
v 11.39901733398438 5 3.38764500617981
v 11.39901733398438 5 3.38764500617981
v 11.39901733398438 4.967988967895508 3.38764500617981
v 11.39901733398438 4.967988967895508 3.38764500617981
v 11.39901733398438 4.967988967895508 3.38764500617981
v 11.39901733398438 4.920063018798828 3.581543922424316
v 11.39901733398438 4.920063018798828 3.581543922424316
v 11.39901733398438 4.920063018798828 3.581543922424316
v 11.39901733398438 4.90405797958374 3.553822040557861
v 11.39901733398438 4.90405797958374 3.553822040557861
v 11.39901733398438 4.888052940368652 3.526098966598511
v 11.39901733398438 4.888052940368652 3.526098966598511
v 9.142326354980469 6.113296985626221 3.498111009597778
v 9.142326354980469 5.787220001220703 4.285329818725586
v 9.142326354980469 5.787220001220703 2.710891008377075
v 9.142326354980469 5 4.611408233642578
v 9.142326354980469 5 2.384814023971558
v 9.142326354980469 4.212779998779297 4.285329818725586
v 9.142326354980469 4.212779998779297 2.710891008377075
v 9.142326354980469 3.886703014373779 3.498111009597778
v 8.588838577270508 6.236997127532959 3.498111009597778
v 8.588838577270508 6.236997127532959 3.498111009597778
v 8.588838577270508 6.113296985626221 3.498111009597778
v 8.588838577270508 6.113296985626221 3.498111009597778
v 8.588838577270508 5.874689102172852 4.372798919677734
v 8.588838577270508 5.874689102172852 4.372798919677734
v 8.588838577270508 5.874689102172852 2.623421907424927
v 8.588838577270508 5.874689102172852 2.623421907424927
v 8.588838577270508 5.787220001220703 4.285329818725586
v 8.588838577270508 5.787220001220703 4.285329818725586
v 8.588838577270508 5.787220001220703 2.710891008377075
v 8.588838577270508 5.787220001220703 2.710891008377075
v 8.588838577270508 5 4.735106945037842
v 8.588838577270508 5 4.735106945037842
v 8.588838577270508 5 4.611408233642578
v 8.588838577270508 5 4.611408233642578
v 8.588838577270508 5 2.384814023971558
v 8.588838577270508 5 2.384814023971558
v 8.588838577270508 5 2.261115074157715
v 8.588838577270508 5 2.261115074157715
v 8.588838577270508 4.212779998779297 4.285329818725586
v 8.588838577270508 4.212779998779297 4.285329818725586
v 8.588838577270508 4.212779998779297 2.710891008377075
v 8.588838577270508 4.212779998779297 2.710891008377075
v 8.588838577270508 4.125310897827148 4.372798919677734
v 8.588838577270508 4.125310897827148 4.372798919677734
v 8.588838577270508 4.125310897827148 2.623421907424927
v 8.588838577270508 4.125310897827148 2.623421907424927
v 8.588838577270508 3.886703014373779 3.498111009597778
v 8.588838577270508 3.886703014373779 3.498111009597778
v 8.588838577270508 3.763004064559937 3.498111009597778
v 8.588838577270508 3.763004064559937 3.498111009597778
v 8.36981201171875 6.236997127532959 3.498111009597778
v 8.36981201171875 6.236997127532959 3.498111009597778
v 8.36981201171875 5.951536178588867 3.498111009597778
v 8.36981201171875 5.951536178588867 3.498111009597778
v 8.36981201171875 5.874689102172852 4.372798919677734
v 8.36981201171875 5.874689102172852 4.372798919677734
v 8.36981201171875 5.874689102172852 2.623421907424927
v 8.36981201171875 5.874689102172852 2.623421907424927
v 8.36981201171875 5.672836780548096 4.170948028564453
v 8.36981201171875 5.672836780548096 4.170948028564453
v 8.36981201171875 5.672836780548096 2.825273036956787
v 8.36981201171875 5.672836780548096 2.825273036956787
v 8.36981201171875 5 4.735106945037842
v 8.36981201171875 5 4.735106945037842
v 8.36981201171875 5 4.44964599609375
v 8.36981201171875 5 4.44964599609375
v 8.36981201171875 5 2.54657506942749
v 8.36981201171875 5 2.54657506942749
v 8.36981201171875 5 2.261115074157715
v 8.36981201171875 5 2.261115074157715
v 8.36981201171875 4.327163219451904 4.170948028564453
v 8.36981201171875 4.327163219451904 4.170948028564453
v 8.36981201171875 4.327163219451904 2.825273036956787
v 8.36981201171875 4.327163219451904 2.825273036956787
v 8.36981201171875 4.125310897827148 4.372798919677734
v 8.36981201171875 4.125310897827148 4.372798919677734
v 8.36981201171875 4.125310897827148 2.623421907424927
v 8.36981201171875 4.125310897827148 2.623421907424927
v 8.36981201171875 4.048463821411133 3.498111009597778
v 8.36981201171875 4.048463821411133 3.498111009597778
v 8.36981201171875 3.763004064559937 3.498111009597778
v 8.36981201171875 3.763004064559937 3.498111009597778
v 8.143234252929688 6.241134166717529 3.498111009597778
v 8.143234252929688 6.241134166717529 3.498111009597778
v 8.143234252929688 5.951536178588867 3.498111009597778
v 8.143234252929688 5.951536178588867 3.498111009597778
v 8.143234252929688 5.87761402130127 4.375724792480469
v 8.143234252929688 5.87761402130127 4.375724792480469
v 8.143234252929688 5.87761402130127 2.620496988296509
v 8.143234252929688 5.87761402130127 2.620496988296509
v 8.143234252929688 5.672836780548096 4.170948028564453
v 8.143234252929688 5.672836780548096 4.170948028564453
v 8.143234252929688 5.672836780548096 2.825273036956787
v 8.143234252929688 5.672836780548096 2.825273036956787
v 8.143234252929688 5 4.739243984222412
v 8.143234252929688 5 4.739243984222412
v 8.143234252929688 5 4.44964599609375
v 8.143234252929688 5 4.44964599609375
v 8.143234252929688 5 2.54657506942749
v 8.143234252929688 5 2.54657506942749
v 8.143234252929688 5 2.256978034973145
v 8.143234252929688 5 2.256978034973145
v 8.143234252929688 4.327163219451904 4.170948028564453
v 8.143234252929688 4.327163219451904 4.170948028564453
v 8.143234252929688 4.327163219451904 2.825273036956787
v 8.143234252929688 4.327163219451904 2.825273036956787
v 8.143234252929688 4.122385978698731 4.375724792480469
v 8.143234252929688 4.122385978698731 4.375724792480469
v 8.143234252929688 4.122385978698731 2.620496988296509
v 8.143234252929688 4.122385978698731 2.620496988296509
v 8.143234252929688 4.048463821411133 3.498111009597778
v 8.143234252929688 4.048463821411133 3.498111009597778
v 8.143234252929688 3.758867025375366 3.498111009597778
v 8.143234252929688 3.758867025375366 3.498111009597778
v 7.91665506362915 6.241134166717529 3.498111009597778
v 7.91665506362915 6.241134166717529 3.498111009597778
v 7.91665506362915 5.926202774047852 3.498111009597778
v 7.91665506362915 5.926202774047852 3.498111009597778
v 7.91665506362915 5.87761402130127 4.375724792480469
v 7.91665506362915 5.87761402130127 4.375724792480469
v 7.91665506362915 5.87761402130127 2.620496988296509
v 7.91665506362915 5.87761402130127 2.620496988296509
v 7.91665506362915 5.654923915863037 4.153035163879395
v 7.91665506362915 5.654923915863037 4.153035163879395
v 7.91665506362915 5.654923915863037 2.843185901641846
v 7.91665506362915 5.654923915863037 2.843185901641846
v 7.91665506362915 5 4.739243984222412
v 7.91665506362915 5 4.739243984222412
v 7.91665506362915 5 4.424314022064209
v 7.91665506362915 5 4.424314022064209
v 7.91665506362915 5 2.571907997131348
v 7.91665506362915 5 2.571907997131348
v 7.91665506362915 5 2.256978034973145
v 7.91665506362915 5 2.256978034973145
v 7.91665506362915 4.345076084136963 4.153035163879395
v 7.91665506362915 4.345076084136963 4.153035163879395
v 7.91665506362915 4.345076084136963 2.843185901641846
v 7.91665506362915 4.345076084136963 2.843185901641846
v 7.91665506362915 4.122385978698731 4.375724792480469
v 7.91665506362915 4.122385978698731 4.375724792480469
v 7.91665506362915 4.122385978698731 2.620496988296509
v 7.91665506362915 4.122385978698731 2.620496988296509
v 7.91665506362915 4.073797225952148 3.498111009597778
v 7.91665506362915 4.073797225952148 3.498111009597778
v 7.91665506362915 3.758867025375366 3.498111009597778
v 7.91665506362915 3.758867025375366 3.498111009597778
v 7.697628974914551 6.228567123413086 3.498111009597778
v 7.697628974914551 6.228567123413086 3.498111009597778
v 7.697628974914551 5.926202774047852 3.498111009597778
v 7.697628974914551 5.926202774047852 3.498111009597778
v 7.697628974914551 5.868728160858154 4.366837978363037
v 7.697628974914551 5.868728160858154 4.366837978363037
v 7.697628974914551 5.868728160858154 2.629383087158203
v 7.697628974914551 5.868728160858154 2.629383087158203
v 7.697628974914551 5.654923915863037 4.153035163879395
v 7.697628974914551 5.654923915863037 4.153035163879395
v 7.697628974914551 5.654923915863037 2.843185901641846
v 7.697628974914551 5.654923915863037 2.843185901641846
v 7.697628974914551 5 4.726676940917969
v 7.697628974914551 5 4.726676940917969
v 7.697628974914551 5 4.424314022064209
v 7.697628974914551 5 4.424314022064209
v 7.697628974914551 5 2.571907997131348
v 7.697628974914551 5 2.571907997131348
v 7.697628974914551 5 2.269543886184692
v 7.697628974914551 5 2.269543886184692
v 7.697628974914551 4.345076084136963 4.153035163879395
v 7.697628974914551 4.345076084136963 4.153035163879395
v 7.697628974914551 4.345076084136963 2.843185901641846
v 7.697628974914551 4.345076084136963 2.843185901641846
v 7.697628974914551 4.131271839141846 4.366837978363037
v 7.697628974914551 4.131271839141846 4.366837978363037
v 7.697628974914551 4.131271839141846 2.629383087158203
v 7.697628974914551 4.131271839141846 2.629383087158203
v 7.697628974914551 4.073797225952148 3.498111009597778
v 7.697628974914551 4.073797225952148 3.498111009597778
v 7.697628974914551 3.771433115005493 3.498111009597778
v 7.697628974914551 3.771433115005493 3.498111009597778
v 7.471051216125488 6.228567123413086 3.498111009597778
v 7.471051216125488 6.228567123413086 3.498111009597778
v 7.471051216125488 6.119707107543945 3.498111009597778
v 7.471051216125488 6.119707107543945 3.498111009597778
v 7.471051216125488 5.868728160858154 4.366837978363037
v 7.471051216125488 5.868728160858154 4.366837978363037
v 7.471051216125488 5.868728160858154 2.629383087158203
v 7.471051216125488 5.868728160858154 2.629383087158203
v 7.471051216125488 5.791751861572266 4.289863109588623
v 7.471051216125488 5.791751861572266 4.289863109588623
v 7.471051216125488 5.791751861572266 2.706358909606934
v 7.471051216125488 5.791751861572266 2.706358909606934
v 7.471051216125488 5 4.726676940917969
v 7.471051216125488 5 4.726676940917969
v 7.471051216125488 5 4.617816925048828
v 7.471051216125488 5 4.617816925048828
v 7.471051216125488 5 2.378403902053833
v 7.471051216125488 5 2.378403902053833
v 7.471051216125488 5 2.269543886184692
v 7.471051216125488 5 2.269543886184692
v 7.471051216125488 4.208248138427734 4.289863109588623
v 7.471051216125488 4.208248138427734 4.289863109588623
v 7.471051216125488 4.208248138427734 2.706358909606934
v 7.471051216125488 4.208248138427734 2.706358909606934
v 7.471051216125488 4.131271839141846 4.366837978363037
v 7.471051216125488 4.131271839141846 4.366837978363037
v 7.471051216125488 4.131271839141846 2.629383087158203
v 7.471051216125488 4.131271839141846 2.629383087158203
v 7.471051216125488 3.880292892456055 3.498111009597778
v 7.471051216125488 3.880292892456055 3.498111009597778
v 7.471051216125488 3.771433115005493 3.498111009597778
v 7.471051216125488 3.771433115005493 3.498111009597778
v 7.038712978363037 5 4.442337036132813
v 6.67818021774292 5 4.681328773498535
v 6.654135227203369 5.40102481842041 4.442337036132813
v 6.654135227203369 4.59897518157959 4.442337036132813
v 6.541973114013672 5 4.763588905334473
v 6.541973114013672 5 4.681328773498535
v 6.541973114013672 5 4.681328773498535
v 6.541973114013672 5 4.681328773498535
v 6.473868846893311 5.213048934936523 4.681328773498535
v 6.473868846893311 4.786951065063477 4.681328773498535
v 6.419384956359863 5 4.835236072540283
v 6.405765056610107 5.142033100128174 4.763588905334473
v 6.405765056610107 5.142033100128174 4.681328773498535
v 6.405765056610107 5.142033100128174 4.681328773498535
v 6.405765056610107 4.857966899871826 4.763588905334473
v 6.405765056610107 4.857966899871826 4.681328773498535
v 6.405765056610107 4.857966899871826 4.681328773498535
v 6.344470977783203 5.078117847442627 4.835236072540283
v 6.344470977783203 4.921882152557373 4.835236072540283
v 6.194643020629883 5.078117847442627 4.835236072540283
v 6.194643020629883 4.921882152557373 4.835236072540283
v 6.133349895477295 5.142033100128174 4.763588905334473
v 6.133349895477295 5.142033100128174 4.681328773498535
v 6.133349895477295 5.142033100128174 4.681328773498535
v 6.133349895477295 4.857966899871826 4.763588905334473
v 6.133349895477295 4.857966899871826 4.681328773498535
v 6.133349895477295 4.857966899871826 4.681328773498535
v 6.119729042053223 5 4.835236072540283
v 6.065246105194092 5.213048934936523 4.681328773498535
v 6.065246105194092 4.786951065063477 4.681328773498535
v 5.997141838073731 5 4.763588905334473
v 5.997141838073731 5 4.681328773498535
v 5.997141838073731 5 4.681328773498535
v 5.997141838073731 5 4.681328773498535
v 5.884978771209717 5.40102481842041 4.442337036132813
v 5.884978771209717 4.59897518157959 4.442337036132813
v 5.860935211181641 5 4.681328773498535
v 5.500401973724365 5 4.442337036132813
v 3.51830792427063 6.119707107543945 3.498111009597778
v 3.51830792427063 6.119707107543945 3.498111009597778
v 3.51830792427063 5.933088779449463 3.498111009597778
v 3.51830792427063 5.933088779449463 3.498111009597778
v 3.51830792427063 5.791751861572266 4.289863109588623
v 3.51830792427063 5.791751861572266 4.289863109588623
v 3.51830792427063 5.791751861572266 2.706358909606934
v 3.51830792427063 5.791751861572266 2.706358909606934
v 3.51830792427063 5.659792900085449 4.157904148101807
v 3.51830792427063 5.659792900085449 4.157904148101807
v 3.51830792427063 5.659792900085449 2.838316917419434
v 3.51830792427063 5.659792900085449 2.838316917419434
v 3.51830792427063 5 4.617816925048828
v 3.51830792427063 5 4.617816925048828
v 3.51830792427063 5 4.43120002746582
v 3.51830792427063 5 4.43120002746582
v 3.51830792427063 5 2.565021991729736
v 3.51830792427063 5 2.565021991729736
v 3.51830792427063 5 2.378403902053833
v 3.51830792427063 5 2.378403902053833
v 3.51830792427063 4.340207099914551 4.157904148101807
v 3.51830792427063 4.340207099914551 4.157904148101807
v 3.51830792427063 4.340207099914551 2.838316917419434
v 3.51830792427063 4.340207099914551 2.838316917419434
v 3.51830792427063 4.208248138427734 4.289863109588623
v 3.51830792427063 4.208248138427734 4.289863109588623
v 3.51830792427063 4.208248138427734 2.706358909606934
v 3.51830792427063 4.208248138427734 2.706358909606934
v 3.51830792427063 4.066911220550537 3.498111009597778
v 3.51830792427063 4.066911220550537 3.498111009597778
v 3.51830792427063 3.880292892456055 3.498111009597778
v 3.51830792427063 3.880292892456055 3.498111009597778
v 2.985189914703369 6.119707107543945 3.498111009597778
v 2.985189914703369 6.119707107543945 3.498111009597778
v 2.985189914703369 5.933088779449463 3.498111009597778
v 2.985189914703369 5.933088779449463 3.498111009597778
v 2.985189914703369 5.791751861572266 4.289863109588623
v 2.985189914703369 5.791751861572266 4.289863109588623
v 2.985189914703369 5.791751861572266 2.706358909606934
v 2.985189914703369 5.791751861572266 2.706358909606934
v 2.985189914703369 5.659792900085449 4.157904148101807
v 2.985189914703369 5.659792900085449 4.157904148101807
v 2.985189914703369 5.659792900085449 2.838316917419434
v 2.985189914703369 5.659792900085449 2.838316917419434
v 2.985189914703369 5 4.617816925048828
v 2.985189914703369 5 4.617816925048828
v 2.985189914703369 5 4.43120002746582
v 2.985189914703369 5 4.43120002746582
v 2.985189914703369 5 2.565021991729736
v 2.985189914703369 5 2.565021991729736
v 2.985189914703369 5 2.378403902053833
v 2.985189914703369 5 2.378403902053833
v 2.985189914703369 4.340207099914551 4.157904148101807
v 2.985189914703369 4.340207099914551 4.157904148101807
v 2.985189914703369 4.340207099914551 2.838316917419434
v 2.985189914703369 4.340207099914551 2.838316917419434
v 2.985189914703369 4.208248138427734 4.289863109588623
v 2.985189914703369 4.208248138427734 4.289863109588623
v 2.985189914703369 4.208248138427734 2.706358909606934
v 2.985189914703369 4.208248138427734 2.706358909606934
v 2.985189914703369 4.066911220550537 3.498111009597778
v 2.985189914703369 4.066911220550537 3.498111009597778
v 2.985189914703369 3.880292892456055 3.498111009597778
v 2.985189914703369 3.880292892456055 3.498111009597778
v 1.914821028709412 6.119707107543945 3.498111009597778
v 1.914821028709412 5.791751861572266 4.289863109588623
v 1.914821028709412 5.791751861572266 2.706358909606934
v 1.914821028709412 5 4.617816925048828
v 1.914821028709412 5 2.378403902053833
v 1.914821028709412 4.208248138427734 4.289863109588623
v 1.914821028709412 4.208248138427734 2.706358909606934
v 1.914821028709412 3.880292892456055 3.498111009597778
v 0.98573899269104 5.746470928192139 3.498111009597778
v 0.98573899269104 5.746470928192139 3.498111009597778
v 0.98573899269104 5.527834892272949 4.02594518661499
v 0.98573899269104 5.527834892272949 4.02594518661499
v 0.98573899269104 5.527834892272949 2.970276117324829
v 0.98573899269104 5.527834892272949 2.970276117324829
v 0.98573899269104 5 4.244582176208496
v 0.98573899269104 5 4.244582176208496
v 0.98573899269104 5 2.75164008140564
v 0.98573899269104 5 2.75164008140564
v 0.98573899269104 4.472165107727051 4.02594518661499
v 0.98573899269104 4.472165107727051 4.02594518661499
v 0.98573899269104 4.472165107727051 2.970276117324829
v 0.98573899269104 4.472165107727051 2.970276117324829
v 0.98573899269104 4.253529071807861 3.498111009597778
v 0.98573899269104 4.253529071807861 3.498111009597778
vn 1 0 0
vn 0.04531592130661011 0.7335808873176575 0.6780896186828613
vn -0.03692661970853806 -0.5503776669502258 -0.8340988159179688
vn 1 0 0
vn 0.03310779109597206 -0.3788868188858032 -0.9248505830764771
vn -0.01609238050878048 0.6451900601387024 0.763852596282959
vn 1 0 0
vn 0.03700448945164681 0.7580825090408325 0.6511079668998718
vn 1 0 0
vn -0.01835023052990437 -0.2512547373771668 -0.9677470326423645
vn 1 0 0
vn 1 0 0
vn -0.006220030132681131 -0.9215233325958252 0.3882732391357422
vn 1 0 0
vn -0.002690339926630259 -0.8660203218460083 -0.5000015497207642
vn -0.003665430005639792 0.1012678816914558 -0.9948524236679077
vn 1 0 0
vn 0.03310776874423027 0.9903878569602966 0.1342974305152893
vn -0.0160923395305872 -0.9841101765632629 0.1768282204866409
vn 1 0 0
vn -0.002690359950065613 -0.8660231232643127 -0.499996691942215
vn 1 0 0
vn -0.001681159948930144 -0.9992792010307312 -0.03792409971356392
vn 1 0 0
vn -0.006220019888132811 0.7970172166824341 0.603924572467804
vn 1 0 0
vn -0.001681140041910112 0.4667885601520538 0.8843673467636108
vn 1 0 0
vn -0.002690319903194904 0 0.9999963641166687
vn 1 0 0
vn 1 0 0
vn 0.03700444102287293 0.1848345547914505 -0.9820727109909058
vn 1 0 0
vn -0.002690319903194904 0 0.9999963641166687
vn -0.003665219992399216 -0.9122039079666138 0.4097200930118561
vn 1 0 0
vn -0.01835013926029205 -0.7124683260917664 0.7014642953872681
vn 1 0 0
vn -0.00269036996178329 0.8660314679145813 -0.4999822378158569
vn -0.003665369702503085 0.8109331727027893 0.5851273536682129
vn 1 0 0
vn -0.002690329914912581 0.8660257458686829 -0.4999921917915344
vn 1 0 0
vn 0.04531586170196533 -0.9540334939956665 0.2962542772293091
vn -0.03692654892802239 0.9975396394729614 -0.05959098041057587
vn 1 0 0
vn -0.001681079971604049 0.5324834585189819 -0.8464387655258179
vn 1 0 0
vn -0.01835013926029205 0.963720440864563 0.2662822306156158
vn 1 0 0
vn 1 0 0
vn -0.006220030132681131 0.1245079264044762 -0.9921991229057312
vn 1 0 0
vn 0.03700444847345352 -0.9429174661636353 0.330964207649231
vn 1 0 0
vn 0.04531592130661011 0.2204500734806061 -0.9743450284004211
vn -0.03692676872014999 -0.4471567869186401 0.8936930298805237
vn 1 0 0
vn 0.03310782834887505 -0.6114993691444397 0.7905519604682922
vn -0.01609238982200623 0.3389177322387695 -0.9406783580780029
vn -0.005364890210330486 0.0311474297195673 -0.9995003938674927
vn -0.9968566298484802 -0.007512500043958426 -0.07886981219053268
vn -0.9924048185348511 0.08728192001581192 0.08668637275695801
vn -0.01134593039751053 -0.9258952140808106 0.3776100873947144
vn -0.947754442691803 0.2762637138366699 0.159498855471611
vn -0.0113459499552846 0.7899660468101502 0.6130455732345581
vn -0.9477549195289612 0 -0.3189994394779205
vn -0.9924048781394959 0.03143357858061791 -0.1189303919672966
vn -0.005364730022847652 -0.8811683058738709 0.4727723002433777
vn -0.9968565702438355 -0.06454695016145706 0.04594181850552559
vn -0.005364839918911457 0.8500187397003174 0.5267251133918762
vn -0.9968566298484802 0.07205922901630402 0.03292904049158096
vn -0.9924046993255615 -0.1187151595950127 0.03224302083253861
vn -0.01134597044438124 0.1359269171953201 -0.9906538724899292
vn -0.9477549195289612 -0.2762639820575714 0.159495621919632
vn 1 0 0
vn 0.2196277976036072 0.9664155244827271 -0.1334340572357178
vn 1 0 0
vn 0.2196276634931564 0.7777111530303955 0.5890068411827087
vn 1 0 0
vn 0.2196278274059296 0.5890067219734192 -0.7777112126350403
vn 1 0 0
vn 0.2196276634931564 0.1334344297647476 0.9664155244827271
vn 1 0 0
vn 0.2196277976036072 -0.1334340572357178 -0.9664155244827271
vn 1 0 0
vn 0.2196276634931564 -0.5890070199966431 0.777711033821106
vn 1 0 0
vn 0.2196278274059296 -0.7777112126350403 -0.5890067219734192
vn 1 0 0
vn 0.2196277379989624 -0.9664155244827271 0.1334342062473297
vn 0.03717318922281265 0.6113674640655518 0.790473222732544
vn -0.02344165928661823 -0.3384164273738861 -0.9407044053077698
vn -0.9426604509353638 -0.1576803773641586 -0.2941567897796631
vn 0.03316770866513252 0.9989528656005859 -0.0315130315721035
vn -0.01472587045282126 -0.9149233102798462 0.4033589661121368
vn -0.9569629430770874 -0.288172721862793 -0.03432735055685043
vn 0.03475867956876755 0.9036416411399841 0.4268765151500702
vn -0.9382261037826538 -0.3077588677406311 -0.15816530585289
vn 0.03316773846745491 -0.5267661809921265 -0.849362850189209
vn -0.01472589001059532 0.8067803382873535 0.5906679630279541
vn -0.9569627642631531 0.1143578514456749 0.2667293250560761
vn 0.03475863859057427 -0.08213361352682114 -0.9960150122642517
vn -0.9382256865501404 0.01690399087965488 0.3456108272075653
vn 0.03717315942049027 0.3788845837116242 -0.9246970415115356
vn -0.02344170026481152 -0.645463228225708 0.7634315490722656
vn -0.9426601529121399 -0.175907164812088 0.2836344242095947
vn 0.03475867956876755 -0.8215070962905884 0.5691379308700562
vn -0.9382261037826538 0.2908550798892975 -0.1874437034130096
vn 0.03717311099171639 -0.990253746509552 0.1342225968837738
vn -0.02344159036874771 0.9838820695877075 0.1772753596305847
vn -0.9426602125167847 0.3335881233215332 0.01052339002490044
vn 0.03316777944564819 -0.4721858203411102 0.8808748126029968
vn -0.01472593005746603 0.10814268887043 -0.9940263032913208
vn -0.9569631218910217 0.173814594745636 -0.2324005365371704
vn 0.000798869994468987 0.2751834988594055 -0.9613913893699646
vn -0.002690309891477227 -0.866034209728241 -0.4999775290489197
vn -0.846552312374115 0.4609934985637665 0.2661468088626862
vn -0.002690359950065613 -0.8660223484039307 -0.4999980628490448
vn -0.8465518355369568 0.4609938263893127 0.2661479413509369
vn -0.001900949981063604 -0.9989489912986755 0.04579566046595573
vn -0.8465514183044434 0.4609935283660889 0.2661496698856354
vn -0.001900919945910573 0.539129376411438 0.8422207832336426
vn -0.8465527892112732 0 -0.5323047637939453
vn -0.002690319903194904 0 0.9999963641166687
vn -0.8465527892112732 0 -0.5323047637939453
vn 0.0007988599827513099 -0.9701803326606751 0.2423828989267349
vn -0.002690319903194904 0 0.9999963641166687
vn -0.8465527892112732 0 -0.5323047637939453
vn 0.0007988400175236166 0.6949998736381531 0.7190094590187073
vn -0.002690349938347936 0.8660264015197754 -0.4999910593032837
vn -0.8465518951416016 -0.4609920084476471 0.2661507725715637
vn -0.00269036996178329 0.8660323619842529 -0.4999806582927704
vn -0.8465526700019836 -0.4609926342964172 0.266147255897522
vn -0.001900919945910573 0.4598213136196137 -0.8880094289779663
vn -0.8465539813041687 -0.460994154214859 0.2661404311656952
vn 0.111701212823391 0.9937418103218079 1.700000069604357e-07
vn 0.1117011234164238 0.7026817202568054 0.7026814818382263
vn 0.1117012426257134 0.7026816010475159 -0.7026816010475159
vn 0.1117011979222298 1.300000036508209e-07 0.9937418103218079
vn 0.1117012202739716 9.99999993922529e-09 -0.9937418103218079
vn 0.1117011085152626 -0.702681839466095 0.7026813626289368
vn 0.1117012426257134 -0.7026816010475159 -0.7026816010475159
vn 0.1117012202739716 -0.9937418103218079 2.200000039920269e-07
vn 1 0 0
vn 0 0.9906023740768433 -0.1367734968662262
vn 1 0 0
vn 0 0.9906023144721985 0.1367738544940949
vn 1 0 0
vn 0 0.7971750497817993 0.6037482619285584
vn 1 0 0
vn 0 0.6037474870681763 -0.7971755862236023
vn 1 0 0
vn 0 0.6037485003471375 0.797174870967865
vn 1 0 0
vn 0 0.7971752285957336 -0.6037479639053345
vn 1 0 0
vn 0 0.1367736160755158 0.9906023144721985
vn 1 0 0
vn 0 -0.1367739737033844 0.9906022548675537
vn 1 0 0
vn 0 0.136773556470871 -0.9906023144721985
vn 1 0 0
vn 0 -0.1367732435464859 -0.9906023740768433
vn 1 0 0
vn 0 -0.7971752882003784 0.6037479639053345
vn 1 0 0
vn 0 -0.6037479639053345 -0.7971752285957336
vn 1 0 0
vn 0 -0.6037482023239136 0.7971751093864441
vn 1 0 0
vn 0 -0.797175407409668 -0.6037477254867554
vn 1 0 0
vn 0 -0.9906023740768433 -0.1367734223604202
vn 1 0 0
vn 0 -0.9906023144721985 0.1367735266685486
vn 0 0.9906023144721985 0.1367738991975784
vn -1 0 0
vn 0 0.9906023144721985 -0.1367736607789993
vn -1 0 0
vn 0 0.6037479639053345 0.7971752882003784
vn -1 0 0
vn 0 0.7971750497817993 -0.6037482619285584
vn -1 0 0
vn 0 0.7971746921539307 0.6037486791610718
vn -1 0 0
vn 0 0.6037477850914002 -0.797175407409668
vn -1 0 0
vn 0 -0.1367736160755158 0.9906023144721985
vn -1 0 0
vn 0 0.1367735415697098 0.9906023144721985
vn -1 0 0
vn 0 -0.1367735415697098 -0.9906023144721985
vn -1 0 0
vn 0 0.1367732435464859 -0.9906023740768433
vn -1 0 0
vn 0 -0.6037476658821106 0.7971754670143127
vn -1 0 0
vn 0 -0.7971749305725098 -0.6037483811378479
vn -1 0 0
vn 0 -0.7971754670143127 0.6037477254867554
vn -1 0 0
vn 0 -0.6037477254867554 -0.797175407409668
vn -1 0 0
vn 0 -0.9906022548675537 0.1367741823196411
vn -1 0 0
vn 0 -0.9906023740768433 -0.1367731243371964
vn -1 0 0
vn 1 0 0
vn 0 0.9906023144721985 -0.1367737799882889
vn 1 0 0
vn 0 0.9906022548675537 0.1367741823196411
vn 1 0 0
vn 0 0.7971749305725098 0.6037483811378479
vn 1 0 0
vn 0 0.6037476062774658 -0.7971755266189575
vn 1 0 0
vn 0 0.6037476658821106 0.7971754670143127
vn 1 0 0
vn 0 0.7971749305725098 -0.6037483811378479
vn 1 0 0
vn 0 0.136773407459259 0.9906023740768433
vn 1 0 0
vn 0 -0.1367735415697098 0.9906023144721985
vn 1 0 0
vn 0 0.1367735415697098 -0.9906023144721985
vn 1 0 0
vn 0 -0.136773407459259 -0.9906023740768433
vn 1 0 0
vn 0 -0.7971746921539307 0.6037486791610718
vn 1 0 0
vn 0 -0.6037477850914002 -0.797175407409668
vn 1 0 0
vn 0 -0.6037478446960449 0.7971753478050232
vn 1 0 0
vn 0 -0.7971753478050232 -0.6037478446960449
vn 1 0 0
vn 0 -0.9906023144721985 -0.1367736607789993
vn 1 0 0
vn 0 -0.9906023740768433 0.136773407459259
vn 0 0.9906023144721985 0.1367737799882889
vn -1 0 0
vn 0 0.9906023144721985 -0.1367735713720322
vn -1 0 0
vn 0 0.6037476062774658 0.7971755266189575
vn -1 0 0
vn 0 0.7971749305725098 -0.6037483811378479
vn -1 0 0
vn 0 0.7971749901771545 0.6037482619285584
vn -1 0 0
vn 0 0.6037477254867554 -0.7971754670143127
vn -1 0 0
vn 0 -0.136773407459259 0.9906023740768433
vn -1 0 0
vn 0 0.1367739289999008 0.9906023144721985
vn -1 0 0
vn 0 -0.1367734372615814 -0.9906023740768433
vn -1 0 0
vn 0 0.136773407459259 -0.9906023740768433
vn -1 0 0
vn 0 -0.6037482619285584 0.7971749901771545
vn -1 0 0
vn 0 -0.7971749901771545 -0.6037483215332031
vn -1 0 0
vn 0 -0.7971753478050232 0.6037478446960449
vn -1 0 0
vn 0 -0.6037478446960449 -0.7971753478050232
vn -1 0 0
vn 0 -0.9906022548675537 0.136774092912674
vn -1 0 0
vn 0 -0.9906023740768433 -0.136773407459259
vn -1 0 0
vn 1 0 0
vn 0 0.9906023144721985 -0.136773556470871
vn 1 0 0
vn 0 0.9906022548675537 0.136774092912674
vn 1 0 0
vn 0 0.7971749901771545 0.6037483215332031
vn 1 0 0
vn 0 0.603748083114624 -0.7971751689910889
vn 1 0 0
vn 0 0.6037482619285584 0.7971749901771545
vn 1 0 0
vn 0 0.7971749901771545 -0.6037483215332031
vn 1 0 0
vn 0 0.1367736756801605 0.9906023144721985
vn 1 0 0
vn 0 -0.1367739289999008 0.9906023144721985
vn 1 0 0
vn 0 0.1367734372615814 -0.9906023740768433
vn 1 0 0
vn 0 -0.1367736756801605 -0.9906023144721985
vn 1 0 0
vn 0 -0.7971749901771545 0.6037482619285584
vn 1 0 0
vn 0 -0.6037477254867554 -0.7971754670143127
vn 1 0 0
vn 0 -0.6037479639053345 0.7971752285957336
vn 1 0 0
vn 0 -0.7971751689910889 -0.603748083114624
vn 1 0 0
vn 0 -0.9906023144721985 -0.1367735713720322
vn 1 0 0
vn 0 -0.9906023144721985 0.136773943901062
vn 0 0.9906023144721985 0.136773943901062
vn -1 0 0
vn 0 0.9906023144721985 -0.1367738842964172
vn -1 0 0
vn 0 0.6037479639053345 0.7971752285957336
vn -1 0 0
vn 0 0.7971751689910889 -0.603748083114624
vn -1 0 0
vn 0 0.797174870967865 0.6037485003471375
vn -1 0 0
vn 0 0.6037482619285584 -0.7971750497817993
vn -1 0 0
vn 0 -0.1367736756801605 0.9906023144721985
vn -1 0 0
vn 0 0.1367734670639038 0.9906023740768433
vn -1 0 0
vn 0 -0.1367738842964172 -0.9906023144721985
vn -1 0 0
vn 0 0.1367736756801605 -0.9906023144721985
vn -1 0 0
vn 0 -0.6037476658821106 0.7971755266189575
vn -1 0 0
vn 0 -0.7971750497817993 -0.6037482619285584
vn -1 0 0
vn 0 -0.7971749901771545 0.6037483215332031
vn -1 0 0
vn 0 -0.603748083114624 -0.7971751689910889
vn -1 0 0
vn 0 -0.9906023144721985 0.1367738842964172
vn -1 0 0
vn 0 -0.9906023144721985 -0.136773556470871
vn -1 0 0
vn 0.5440952777862549 0.1739266663789749 0.8207983374595642
vn 0.2706561982631683 -1.500000053056283e-07 0.9626760482788086
vn 0.1695312708616257 0.7084507942199707 0.685096025466919
vn 0.3390626013278961 -0.598092794418335 0.7261691093444824
vn 0.8327462077140808 -0.06056293845176697 0.5503324866294861
vn 0.7217519879341126 0.6921517848968506 0
vn 0.7217519879341126 -0.6921517848968506 0
vn 0 0 1
vn 0.1350671201944351 0.3469783663749695 0.928096354007721
vn 0.1350672543048859 -0.3469783961772919 0.928096354007721
vn 0.2476230263710022 -3.000000106112566e-07 0.9688564538955689
vn 0.3434386551380158 0.8393374681472778 0.4213816523551941
vn 0.2589502930641174 0.965890645980835 0
vn 0 0 1
vn 0.3434387445449829 -0.8393373489379883 0.421381801366806
vn 0.5179005861282349 -0.8554407954216003 0
vn 0 0 1
vn 0.1650801002979279 0.4295214414596558 0.8878400325775147
vn 0.1650804430246353 -0.4295215308666229 0.8878399133682251
vn -0.1650813221931458 0.4295224845409393 0.8878393173217773
vn -0.1650809645652771 -0.4295223653316498 0.8878393769264221
vn -0.3434392213821411 0.8393376469612122 0.421380877494812
vn 0 0 1
vn -0.5179005861282349 0.8554407954216003 0
vn -0.3434391617774963 -0.8393377065658569 0.4213807284832001
vn 0 0 1
vn -0.2589502930641174 -0.965890645980835 0
vn -0.2476244866847992 3.000000106112566e-07 0.9688560962677002
vn -0.135067030787468 0.3469781577587128 0.9280964732170105
vn -0.1350671052932739 -0.3469781875610352 0.9280964732170105
vn -0.8327475786209106 0.06056242063641548 0.5503305196762085
vn 0 0 1
vn -0.7217519879341126 0.6921517848968506 0
vn -0.7217519879341126 -0.6921517848968506 0
vn -0.3390624821186066 0.598092257976532 0.7261696457862854
vn -0.1695312559604645 -0.7084504365921021 0.6850964426994324
vn -0.2706560790538788 -7.999999951380232e-08 0.9626761078834534
vn -0.5440950989723206 -0.1739264577627182 0.8207984566688538
vn 0 0.9906023144721985 0.1367738842964172
vn -1 0 0
vn 0 0.9906023144721985 -0.1367736607789993
vn -1 0 0
vn 0 0.6037476658821106 0.7971755266189575
vn -1 0 0
vn 0 0.7971750497817993 -0.6037482619285584
vn -1 0 0
vn 0 0.7971749305725098 0.6037483811378479
vn -1 0 0
vn 0 0.6037477850914002 -0.797175407409668
vn -1 0 0
vn 0 -0.1367734670639038 0.9906023740768433
vn -1 0 0
vn 0 0.1367740333080292 0.9906022548675537
vn -1 0 0
vn 0 -0.1367735415697098 -0.9906023144721985
vn -1 0 0
vn 0 0.1367738842964172 -0.9906023144721985
vn -1 0 0
vn 0 -0.6037483811378479 0.7971749305725098
vn -1 0 0
vn 0 -0.7971749305725098 -0.6037483811378479
vn -1 0 0
vn 0 -0.797174870967865 0.6037485003471375
vn -1 0 0
vn 0 -0.6037482619285584 -0.7971750497817993
vn -1 0 0
vn 0 -0.9906022548675537 0.1367741972208023
vn -1 0 0
vn 0 -0.9906023144721985 -0.1367738842964172
vn -1 0 0
vn 1 0 0
vn 0 0.9906023144721985 -0.1367738842964172
vn 1 0 0
vn 0 0.9906022548675537 0.1367741972208023
vn 1 0 0
vn 0 0.797174870967865 0.6037485003471375
vn 1 0 0
vn 0 0.6037482619285584 -0.7971750497817993
vn 1 0 0
vn 0 0.6037483811378479 0.7971749305725098
vn 1 0 0
vn 0 0.7971749305725098 -0.6037483811378479
vn 1 0 0
vn 0 0.1367734670639038 0.9906023740768433
vn 1 0 0
vn 0 -0.1367740333080292 0.9906022548675537
vn 1 0 0
vn 0 0.1367735415697098 -0.9906023144721985
vn 1 0 0
vn 0 -0.1367738842964172 -0.9906023144721985
vn 1 0 0
vn 0 -0.7971749305725098 0.6037483811378479
vn 1 0 0
vn 0 -0.6037477850914002 -0.797175407409668
vn 1 0 0
vn 0 -0.6037476658821106 0.7971755266189575
vn 1 0 0
vn 0 -0.7971750497817993 -0.6037482619285584
vn 1 0 0
vn 0 -0.9906023144721985 -0.1367736607789993
vn 1 0 0
vn 0 -0.9906023144721985 0.1367738842964172
vn -0.1908129751682282 0.9816263914108276 1.399999973727972e-07
vn -0.1908129453659058 0.6941143870353699 0.6941149830818176
vn -0.1908126771450043 0.694114625453949 -0.6941148638725281
vn -0.1908126771450043 1.599999990276046e-07 0.9816264510154724
vn -0.1908129751682282 1.399999973727972e-07 -0.9816263914108276
vn -0.1908128261566162 -0.6941144466400147 0.6941149830818176
